# linear_xy_errors.dat
#  
# Rather ugly data generated from
#        background = 1
#        slope      = 1.
#        def function(x) :
#            return background + slope*x
# With data smeared by x and y uncertainties as listed below.
#
# Generated 24 September 2011 
#   by David Bailey http://www.physics.utoronto.ca/~dbailey/
# Released under the MIT License (www.opensource.org/licenses/mit-license.php)
#
#     x         dx            y            dy
# 0.311097     0.161431     1.08203      0.157069   
# 0.509849     0.279167     1.33718      0.176511   
# 0.55769      0.280651     1.66589      0.167629   
# 0.542713     0.263467     1.49552      0.179114   
# 1.59388      0.293088     2.03023      0.15959    
# 0.856422     0.216246     2.37483      0.13003    
# 1.71012      0.206074     2.57346      0.187299   
# 1.71         0.202373     2.69861      0.179835   
0.0231 0.0017 3.51 0.06
0.0795 0.0033 8.0 0.24
0.1479 0.0024 13.74 1.93
0.193 0.0054 13.93 0.53
0.2554 0.0019 22.22 2.26
0.2537 0.0171 26.43 2.89
0.2816 0.0145 27.76 2.92
0.0471 0.0013 5.02 0.07
0.0171 0.0004 2.6 0.23
0.0215 0.0008 2.57 0.04
0.0211 0.0008 1.98 0.05
0.0179 0.0004 2.37 0.19
0.0252 0.0006 2.98 0.06
0.0348 0.0015 4.69 0.13
0.053 0.0007 6.03 0.48
0.0539 0.0014 6.0 0.2
0.0756 0.0011 6.43 0.42
0.0821 0.0013 7.19 0.21
0.1189 0.0039 11.58 0.21
0.0163 0.0003 2.04 0.05
0.0097 0.0004 1.53 0.05
0.0285 0.0008 2.95 0.05
0.0219 0.0005 3.07 0.06
0.0137 0.0006 1.62 0.06
0.0294 0.0005 3.4 0.07
0.025 0.0007 1.98 0.03
0.0287 0.0009 2.19 0.04
0.0133 0.0004 1.36 0.09
0.02 0.0003 2.12 0.07
0.0228 0.0015 3.02 0.05
0.0271 0.0003 2.67 0.04
0.01 0.0005 1.34 0.09
0.0286 0.0005 2.37 0.11
0.0249 0.0008 2.39 0.38
0.0112 0.0006 1.01 0.13

