#	src	l           b       nhi(e20) nhi_er thin      thin_er    cnm    cnm_er	  wnm	  wnm_er
==========================================================================================================
1    3C33	129.4481  -49.3244  003.66  000.05  003.5581  000.0857  002.22  000.0306  001.44  000.0450
2    3C18	118.6218  -52.7266  007.75  001.23  006.5225  000.0397  006.80  001.2281  000.94  000.0707
3    3C141.0	174.5324  -01.3112  066.65  001.89  051.5374  000.6757  030.05  001.5939  036.60  001.0075
4    3C142.1	197.6157  -14.5115  027.84  002.90  021.7048  000.9149  010.37  002.8302  017.46  000.6516
5    3C138	187.4050  -11.3434  026.43  002.89  021.7788  000.3457  006.01  002.8343  020.42  000.5825
6    3C75-2	170.2958  -44.9192  010.50  000.27  009.8020  001.0821  002.83  000.2326  007.67  000.1325
7    3C75-1	170.2162  -44.9112  010.18  000.26  009.4857  001.2558  002.73  000.2264  007.46  000.1188
8    3C409	063.3981  -06.1216  031.69  003.53  028.3785  000.2834  005.33  003.4882  026.36  000.5490
9    3C33-1	129.4392  -49.3432  003.68  000.15  003.5146  001.0563  002.59  000.1185  001.08  000.0951
10    3C79	164.1487  -34.4565  012.15  001.30  010.8650  000.8578  009.05  000.9765  003.10  000.8583
11    3C78	174.8581  -44.5133  013.74  001.93  011.0369  000.4680  003.81  001.9097  009.93  000.2685
12    3C98-1	179.8593  -31.0859  013.29  000.43  012.3295  000.9274  007.77  000.4070  005.52  000.1387
13    3C75	170.2558  -44.9111  010.09  000.22  009.3856  000.1005  003.28  000.1975  006.80  000.1020
14    T0526+24	181.3551  -05.1933  121.74  081.93  039.1362  001.0195  088.56  081.9148  033.18  001.7603
15    3C133	177.7259  -09.9122  035.98  004.05  029.4303  000.4739  009.76  004.0212  026.22  000.4604
16    3C132	178.8598  -12.5219  030.16  001.62  025.2278  000.2187  009.80  001.4881  020.36  000.6383
17    3C131	171.4368  -07.7967  036.07  002.07  028.1497  000.6086  014.31  001.8375  021.76  000.9531
18    3C310	038.5004  060.2098  004.79  000.12  004.3868  000.0733  001.51  000.0978  003.28  000.0702
19    3C315	039.3605  058.3030  006.10  000.48  005.1819  000.0544  002.88  000.2604  003.21  000.4054
20    3C109	181.8280  -27.7769  026.29  001.26  017.6075  000.7426  019.60  000.9753  006.69  000.7964
21    3C234	200.2050  052.7049  002.03  000.06  002.0643  001.2706  000.00  000.0000  002.03  000.0551
22    3C236	190.0640  053.9808  001.52  000.05  001.4889  001.3593  000.00  000.0000  001.52  000.0486
23    3C237	232.1171  046.6273  002.60  000.23  002.6140  000.0700  000.17  000.1982  002.43  000.1119
24    3C154	185.5941  004.0066  045.94  014.94  039.9226  000.3187  009.75  014.9369  036.19  000.4923
25    3C228.0	220.8313  046.6355  003.37  000.06  003.3582  000.1991  000.55  000.0296  002.82  000.0465
26    4C22.12	188.0524  000.0470  107.33  019.19  051.4181  000.3207  067.54  018.6434  039.79  004.5480
27    NRAO140	159.0002  -18.7646  037.09  022.97  013.8298  001.0783  016.84  008.0429  020.25  021.5206
28    3C318	029.9821  054.7856  006.06  000.19  005.3113  000.0708  002.28  000.1824  003.78  000.0609
29    3C64	157.7658  -48.2032  008.12  000.23  007.6530  000.9257  003.81  000.2046  004.31  000.0957
30    3C454.0	088.1001  -35.9413  006.94  000.14  006.6565  000.1218  001.73  000.0647  005.20  000.1236
31    P0531+19	186.7634  -07.1085  030.36  000.82  028.0547  000.3491  012.34  000.7714  018.02  000.2718
32    3C454.3	086.1110  -38.1838  007.90  015.75  008.1990  000.2520  001.99  015.7389  005.92  000.6299
33    3C33-2	129.4620  -49.2774  003.83  000.20  003.6240  001.2619  002.55  000.1562  001.29  000.1226
34    P0820+22	201.3636  029.6761  005.33  000.27  005.3209  001.1824  000.00  000.0000  005.33  000.2663
35    3C333	037.3001  042.9721  006.44  000.42  005.6879  000.0542  001.41  000.4081  005.03  000.1027
36    3C192	197.9126  026.4098  005.07  000.06  004.9891  000.0808  000.66  000.0379  004.41  000.0413
37    3C98	179.8374  -31.0490  014.15  000.52  012.4884  001.4678  007.95  000.5045  006.20  000.1208
38    3C273	289.9509  064.3600  002.37  000.19  002.5482  000.0530  000.05  000.1901  002.32  000.0271
39    3C267.0	256.3418  070.1102  002.94  000.03  002.9277  000.3964  000.00  000.0000  002.94  000.0340
40    DW0742+10	209.7960  016.5911  003.06  000.05  003.0723  001.0049  000.00  000.0000  003.06  000.0548
41    P1055+20	222.5101  063.1302  002.14  000.06  001.9824  000.0765  000.62  000.0490  001.52  000.0295
42    3C433	074.4764  -17.6945  010.38  002.10  009.8922  000.2187  001.15  002.0948  009.23  000.1264
43    3C172.0	191.2045  013.4105  009.90  000.18  009.5051  001.2217  000.69  000.0961  009.21  000.1535
44    P0428+20	176.8082  -18.5568  030.15  003.11  022.2467  000.7483  008.74  003.0001  021.41  000.8171
45    4C19.44	008.9924  073.0418  003.34  000.06  003.3168  000.6757  000.00  000.0000  003.34  000.0566
46    3C353	021.1108  019.8770  013.95  000.99  011.1269  000.2821  009.11  000.9882  004.84  000.1092
47    3C167	207.3119  001.1529  063.68  003.05  054.1642  000.0677  039.25  002.8935  024.43  000.9555
48    3C293	054.6071  076.0603  001.61  000.06  001.6325  001.2199  000.00  000.0000  001.61  000.0575
49    3C98-2	179.8288  -31.0241  013.09  000.51  011.9771  001.3172  006.55  000.4825  006.54  000.1557
50    3C105	187.6326  -33.6090  018.68  001.85  012.0033  000.7704  014.57  001.8354  004.11  000.2651
51    3C120	190.3729  -27.3968  022.22  002.26  011.7434  000.1283  010.86  002.2433  011.36  000.2632
52    CTA21	166.6357  -33.5961  012.19  000.39  011.1026  000.8544  004.09  000.3795  008.10  000.1087
53    3C123	170.5817  -11.6610  024.55  004.80  019.2863  000.4344  005.15  004.4112  019.41  001.9026
54    4C20.33	020.1848  066.8341  003.52  000.07  003.3850  000.2777  000.80  000.0427  002.72  000.0497
55    T0556+19	190.0893  -02.1665  067.67  040.20  058.4122  000.9987  000.10  000.0110  067.57  040.1983
56    P1117+14	240.4380  065.7884  001.98  000.02  001.9425  000.3294  000.00  000.0000  001.98  000.0223
57    3C264.0	236.9959  073.6422  002.18  000.03  002.2173  000.4391  000.00  000.0000  002.18  000.0318
58    3C208.1	213.6015  033.5830  003.48  000.07  003.5092  000.2013  000.00  000.0000  003.48  000.0658
59    3C208.0	213.6628  033.1608  003.77  000.06  003.8400  000.2040  000.00  000.0000  003.77  000.0564
60    4C32.44	067.2335  081.0477  001.36  000.09  001.5775  000.1181  000.17  000.0869  001.19  000.0313
61    3C263.1	228.2701  074.3753  002.12  000.06  002.1082  000.3810  000.00  000.0000  002.12  000.0581
62    3C225b	220.0101  044.0084  004.55  000.21  004.1710  000.0939  000.98  000.1760  003.57  000.1148
63    3C410	069.2117  -03.7691  059.69  006.69  048.3433  000.6858  030.39  006.6415  029.29  000.8142
64    P0347+05	182.2737  -35.7311  017.02  000.97  014.3416  000.8810  009.23  000.9500  007.79  000.1794
65    3C272.1	280.6321  074.6873  003.19  000.05  003.0568  000.3820  000.63  000.0400  002.56  000.0312
66    3C225a	219.8662  044.0249  004.24  000.30  004.1902  000.1057  001.19  000.2965  003.05  000.0595
67    4C07.32	322.2286  068.8350  002.70  000.04  002.6159  000.3236  000.44  000.0287  002.26  000.0307
68    3C245	233.1247  056.3009  002.68  000.05  002.6835  000.1675  000.72  000.0375  001.95  000.0283
69    3C93.1	160.0361  -15.9147  015.55  001.32  012.1261  001.0273  004.44  001.2448  011.11  000.4247
70    3C348	022.9710  029.1769  007.30  000.20  006.6708  000.0762  002.09  000.1921  005.22  000.0589
71    4C13.67	043.4971  009.1540  021.36  001.10  017.2975  000.2088  005.28  000.9362  016.08  000.5836
72    3C286	056.5241  080.6747  001.34  000.09  001.4944  000.1101  000.06  000.0241  001.28  000.0876
73    4C13.65	039.3151  017.7180  011.75  000.19  010.9140  000.1527  002.04  000.1682  009.71  000.0772
74    3C190.0	207.6242  021.8412  003.55  000.05  003.7057  001.0167  000.00  000.0000  003.55  000.0518
75    P0320+05	176.9818  -40.8433  014.25  000.61  012.5968  000.9372  006.50  000.4029  007.75  000.4548
76    3C274.1	269.8744  083.1637  003.08  000.05  002.8804  000.1513  000.48  000.0332  002.60  000.0369
77    3C207	212.9680  030.1390  006.72  000.19  006.2321  000.1221  001.25  000.1597  005.47  000.1096
78    T0629+10	201.5315  000.5079  075.20  003.61  056.9202  000.2148  047.19  003.2501  028.01  001.5630
79    3C223	188.4071  48.65994  001.31  001.62  001.3131  001.6160  000.00  000.0000  001.31  001.6160
80    4C12.50	347.2230  070.1718  002.37  000.11  002.5519  000.1045  000.36  000.1107  002.01  000.0262
81    4C04.51	007.2923  047.7470  004.55  000.13  004.6706  000.1074  000.24  000.0608  004.31  000.1126
82    4C33.48	066.3887  008.3713  015.76  003.04  015.3627  000.1902  001.54  003.0009  014.22  000.4809
83    3C111	161.6756  -08.8197  036.43  004.42  029.2823  000.2045  003.99  003.7799  032.44  002.2911
84    J2232	077.4379  -38.5824  005.50  000.41  005.6861  000.2157  001.21  000.3688  004.29  000.1682
85    3C298	352.1602  060.6666  002.39  000.38  002.5657  000.0969  000.06  000.3694  002.33  000.0851
86    B2050	078.8581  -05.1238  033.86  002.42  027.4539  000.0869  003.00  002.0238  030.86  001.3301
87    PKS0531	186.7617  -07.1076  028.84  009.72  028.2709  000.5680  008.39  009.6105  020.45  001.4837
88    4C16.09	166.6357  -33.5959  012.10  001.13  011.3604  000.2969  003.27  001.1038  008.83  000.2449
89    3C48	133.9626  -28.7194  004.95  000.41  005.1210  000.1622  000.70  000.3565  004.25  000.1940
90    3C327.1	012.1821  037.0047  008.72  001.18  008.2786  000.1716  001.76  001.1704  006.96  000.1069
91    3C147	161.6864  010.2984  020.59  001.95  019.1262  000.2988  007.44  001.7891  013.15  000.7815
92    3C459	083.0397  -51.2850  006.29  000.49  006.4370  000.2624  001.17  000.4928  005.12  000.0409
93    3C345	063.4550  040.9489  001.01  000.13  001.0397  000.0205  000.00  000.0002  001.01  000.1285
