src        l            b    atomic?CO?  OH? (-1: no data), Notice P0531+19 (NO OH), see also class/script/common_src
======================================================================================================================
3C33       129.4481   -49.3244   1   0   0
3C18       118.6218   -52.7266   0   1   1
3C141.0    174.5324   -01.3112   0   -1   0
3C142.1    197.6157   -14.5115   1   0   0
3C138      187.4050   -11.3434   1   0   0
3C75-2     170.2958   -44.9192   0   -1   0
3C75-1     170.2162   -44.9112   0   -1   0
3C409      063.3981   -06.1216   0   1   1
3C33-1     129.4392   -49.3432   0   -1   0
3C79       164.1487   -34.4565   0   -1   0
3C78       174.8581   -44.5133   1   0   0
3C98-1     179.8593   -31.0859   0   -1   0
3C75       170.2558   -44.9111   0   1   1
T0526+24   181.3551   -05.1933   0   1   1
3C133      177.7259   -09.9122   0   1   1
3C132      178.8598   -12.5219   0   0   1
3C131      171.4368   -07.7967   0   1   1
3C310      038.5004   060.2098   1   0   0
3C315      039.3605   058.3030   1   0   0
3C109      181.8280   -27.7769   0   1   1
3C234      200.2050   052.7049   1   -1   0
3C236      190.0640   053.9808   1   -1   0
3C237      232.1171   046.6273   1   0   0
3C154      185.5941   004.0066   0   1   1
3C228.0    220.8313   046.6355   0   -1   -1
4C22.12    188.0524   000.0470   0   1   1
NRAO140    159.0002   -18.7646   0   -1   0
3C318      029.9821   054.7856   1   0   0
3C64       157.7658   -48.2032   1   0   0
3C454.0    088.1001   -35.9413   0   0   -1
P0531+19   186.7634   -07.1085   0   0   1
3C454.3    086.1110   -38.1838   0   1   -1
3C33-2     129.4620   -49.2774   0   -1   0
P0820+22   201.3636   029.6761   0   -1   0
3C333      037.3001   042.9721   1   0   0
3C192      197.9126   026.4098   1   0   0
3C98       179.8374   -31.0490   1   0   0
3C273      289.9509   064.3600   1   0   0
3C267.0    256.3418   070.1102   1   -1   -1
DW0742+10  209.7960   016.5911   1   -1   0
P1055+20   222.5101   063.1302   1   0   0
3C433      074.4764   -17.6945   0   0   -1
3C172.0    191.2045   013.4105   0   -1   0
P0428+20   176.8082   -18.5568   0   1   1
4C19.44    008.9924   073.0418   0   -1   0
3C353      021.1108   019.8770   0   1   -1
3C167      207.3119   001.1529   0   1   1
3C293      054.6071   076.0603   1   -1   0
3C98-2     179.8288   -31.0241   0   -1   0
3C105      187.6326   -33.6090   0   1   1
3C120      190.3729   -27.3968   1   0   0
CTA21      166.6357   -33.5961   0   -1   0
3C123      170.5817   -11.6610   0   1   1
4C20.33    020.1848   066.8341   1   -1   -1
T0556+19   190.0893   -02.1665   0   -1   0
P1117+14   240.4380   065.7884   1   -1   0
3C264.0    236.9959   073.6422   1   -1   0
3C208.1    213.6015   033.5830   0   -1   0
3C208.0    213.6628   033.1608   0   -1   0
4C32.44    067.2335   081.0477   1   -1   0
3C263.1    228.2701   074.3753   1   -1   -1
3C225b     220.0116   044.0083   0   1   0
3C410      069.2117   -03.7691   0   1   1
P0347+05   182.2737   -35.7311   0   -1   0
3C272.1    280.6321   074.6873   1   -1   0
3C225a     219.8664   044.0247   0   1   0
4C07.32    322.2286   068.8350   1   -1   0
3C245      233.1247   056.3009   1   0   0
3C93.1     160.0361   -15.9147   0   -1   0
3C348      022.9710   029.1769   1   0   0
4C13.67    043.4971   009.1540   0   1   1
3C286      056.5241   080.6747   1   -1   0
4C13.65    039.3151   017.7180   1   0   0
3C190.0    207.6242   021.8412   0   -1   0
P0320+05   176.9818   -40.8433   0   -1   0
3C274.1    269.8744   083.1637   1   0   0
3C207      212.9680   030.1390   0   1   1
T0629+10   201.5315   000.5079   0   1   1
4C12.50    347.2230   070.1718   1   -1   -1
4C04.51    007.2923   047.7470   0   -1   -1
4C33.48    066.3887   008.3713   0   -1   -1
3C111      161.6756   -08.8197   0   -1   -1
J2232      077.4379   -38.5824   0   -1   -1
3C298      352.1602   060.6666   1   -1   0
B2050      078.8581   -05.1238   0   -1   -1
PKS0531    186.7617   -07.1076   0   -1   -1
4C16.09    166.6357   -33.5959   0   -1   -1
3C48       133.9626   -28.7194   0   -1   -1
3C327.1    012.1821   037.0047   0   -1   -1
3C147      161.6864   010.2984   0   -1   -1
3C459      083.0397   -51.2850   0   -1   -1
3C345      063.4550   040.9489   1   -1   -1
3C223	   188.4047   048.6590   1   -1   0
