src        l            b       tau[1e-6]       err[1e-6]   N(H)       err       N(HI)      err        N(H2)      err
==========================================================================================================================
3C33       129.4481   -49.3244     2.164004     0.070978   003.1927   000.1776   003.5100   000.0600   -00.1587   000.0937
3C18       118.6218   -52.7266    11.339677     0.361182   016.7301   000.9215   007.5700   001.2000   004.5801   000.7565
3C141.0    174.5324   -01.3112    52.864409     1.067314   077.9941   003.8425   066.6000   001.9600   005.6971   002.1568
3C142.1    197.6157   -14.5115    21.525841     0.722035   031.7584   001.7809   027.7600   002.9200   001.9992   001.7101
3C138      187.4050   -11.3434    21.625850     0.811378   031.9059   001.8679   026.4300   002.8900   002.7380   001.7205
3C75-2     170.2958   -44.9192    11.571143     0.344047   017.0716   000.9199   010.4000   000.2800   003.3358   000.4808
3C75-1     170.2162   -44.9112    11.053841     0.347295   016.3084   000.8942   010.0700   000.2700   003.1192   000.4671
3C409      063.3981   -06.1216    44.239638     1.536508   065.2695   003.7071   031.6900   003.5300   016.7897   002.5595
3C33-1     129.4392   -49.3432     2.104213     0.086505   003.1045   000.1891   003.5500   000.1600   -00.2228   000.1238
3C79       164.1487   -34.4565     9.234413     0.370095   013.6241   000.8204   011.8400   001.3100   000.8920   000.7728
3C78       174.8581   -44.5133    12.453959     0.628049   018.3741   001.2411   013.7400   001.9300   002.3170   001.1473
3C98-1     179.8593   -31.0859    12.318421     0.374379   018.1741   000.9860   013.1100   000.4500   002.5321   000.5419
3C75       170.2558   -44.9111    10.869135     0.357409   016.0359   000.8930   009.9700   000.2400   003.0330   000.4623
T0526+24   181.3551   -05.1933    74.498428     2.433400   109.9121   006.1063   122.4200   082.2100   -06.2539   041.2182
3C133      177.7259   -09.9122    62.708299     1.682736   092.5174   004.8425   035.9800   004.0500   028.2687   003.1564
3C132      178.8598   -12.5219    30.767878     0.873839   045.3937   002.4132   030.1000   001.6400   007.6469   001.4589
3C131      171.4368   -07.7967    56.167864     1.646731   082.8679   004.4465   036.0900   002.1000   023.3890   002.4587
3C310      038.5004   060.2098     3.476551     0.150159   005.1292   000.3197   004.6900   000.1300   000.2196   000.1726
3C315      039.3605   058.3030     3.977825     0.093012   005.8687   000.2973   006.0300   000.4800   -00.0806   000.2823
3C109      181.8280   -27.7769    37.557082     1.300999   055.4103   003.1440   026.3200   001.2900   014.5451   001.6992
3C234      200.2050   052.7049     0.784870     0.031538   001.1580   000.0698   002.0400   000.0500   -00.4410   000.0429
3C236      190.0640   053.9808     0.695179     0.029936   001.0256   000.0638   001.5300   000.0500   -00.2522   000.0405
3C237      232.1171   046.6273     2.209456     0.038234   003.2597   000.1570   002.6000   000.2300   000.3299   000.1392
3C154      185.5941   004.0066    55.331177     1.444798   081.6335   004.2429   045.9400   014.9400   017.8467   007.7654
3C228.0    220.8313   046.6355     2.349819     0.041754   003.4668   000.1675   003.3000   000.0600   000.0834   000.0890
4C22.12    188.0524   000.0470    67.733672     1.184788   099.9316   004.8191   107.7300   019.2800   -03.8992   009.9366
NRAO140    159.0002   -18.7646    34.363406     1.597360   050.6984   003.2779   037.2800   023.0500   006.7092   011.6410
3C318      029.9821   054.7856     4.147017     0.189734   006.1183   000.3924   006.0000   000.2000   000.0592   000.2202
3C64       157.7658   -48.2032     6.548005     0.345226   009.6607   000.6693   008.0000   000.2400   000.8303   000.3555
3C454.0    088.1001   -35.9413     3.962296     0.076443   005.8458   000.2859   006.8000   000.1500   -00.4771   000.1614
P0531+19   186.7634   -07.1085    20.751053     0.624346   030.6153   001.6557   030.1300   000.8700   000.2427   000.9352
3C454.3    086.1110   -38.1838     6.856862     0.357905   010.1164   000.6968   007.9000   015.7500   001.1082   007.8827
3C33-2     129.4620   -49.2774     1.973993     0.059692   002.9124   000.1578   003.6900   000.1900   -00.3888   000.1235
P0820+22   201.3636   029.6761     3.728498     0.111959   005.5009   000.2973   005.3500   000.2700   000.0754   000.2008
3C333      037.3001   042.9721     5.695370     0.268494   008.4027   000.5473   006.4300   000.4200   000.9864   000.3449
3C192      197.9126   026.4098     3.379041     0.078504   004.9853   000.2522   005.0200   000.0700   -00.0173   000.1309
3C98       179.8374   -31.0490    13.719226     0.406442   020.2408   001.0895   013.9300   000.5300   003.1554   000.6058
3C273      289.9509   064.3600     1.304412     0.085313   001.9245   000.1527   002.3700   000.1900   -00.2228   000.1219
3C267.0    256.3418   070.1102     1.588047     0.043070   002.3429   000.1230   002.9500   000.0500   -00.3035   000.0664
DW0742+10  209.7960   016.5911     1.596159     0.031155   002.3549   000.1154   003.0700   000.0600   -00.3575   000.0650
P1055+20   222.5101   063.1302     1.104265     0.029262   001.6292   000.0850   001.9800   000.0500   -00.1754   000.0493
3C433      074.4764   -17.6945     8.922611     0.345292   013.1641   000.7807   010.3800   002.1000   001.3920   001.1202
3C172.0    191.2045   013.4105     5.655447     0.079364   008.3438   000.3928   009.7500   000.2000   -00.7031   000.2204
P0428+20   176.8082   -18.5568    35.927984     1.123128   053.0068   002.9017   030.2000   003.1300   011.4034   002.1341
4C19.44    008.9924   073.0418     4.177708     0.201372   006.1636   000.4062   003.3500   000.0600   001.4068   000.2053
3C353      021.1108   019.8770    28.108911     0.851704   041.4708   002.2477   013.7100   001.0100   013.8804   001.2321
3C167      207.3119   001.1529    51.864117     0.590626   076.5183   003.5474   063.5000   003.1000   006.5092   002.3555
3C293      054.6071   076.0603     1.312147     0.090369   001.9359   000.1592   001.6200   000.0600   000.1579   000.0851
3C98-2     179.8288   -31.0241    13.798666     0.394050   020.3580   001.0840   012.9600   000.5200   003.6990   000.6011
3C105      187.6326   -33.6090    33.825723     1.002685   049.9052   002.6867   018.5600   001.8700   015.6726   001.6367
3C120      190.3729   -27.3968    29.259392     1.075208   043.1682   002.5060   022.2200   002.2600   010.4741   001.6873
CTA21      166.6357   -33.5961    10.390458     0.436875   015.3297   000.9434   012.0800   000.4100   001.6248   000.5143
3C123      170.5817   -11.6610    62.933686     1.906355   092.8499   005.0320   024.5500   004.8000   034.1500   003.4771
4C20.33    020.1848   066.8341     1.344736     0.052002   001.9840   000.1176   003.4000   000.0700   -00.7080   000.0684
T0556+19   190.0893   -02.1665   102.495578     2.199631   151.2180   007.5308   067.7900   040.3300   041.7140   020.5135
P1117+14   240.4380   065.7884     1.499929     0.044384   002.2129   000.1191   001.9800   000.0300   000.1165   000.0614
3C264.0    236.9959   073.6422     1.636759     0.079256   002.4148   000.1595   002.1900   000.0400   000.1124   000.0822
3C208.1    213.6015   033.5830     3.124496     0.041763   004.6098   000.2161   003.4900   000.0700   000.5599   000.1136
3C208.0    213.6628   033.1608     3.381684     0.068658   004.9892   000.2460   003.7800   000.0600   000.6046   000.1266
4C32.44    067.2335   081.0477     0.806284     0.022234   001.1896   000.0627   001.3600   000.0900   -00.0852   000.0548
3C263.1    228.2701   074.3753     0.977641     0.036308   001.4424   000.0841   002.1200   000.0700   -00.3388   000.0547
3C225b     220.0116   044.0083     4.918247     0.104939   007.2562   000.3610   004.1500   000.0800   001.5531   000.1849
3C410      069.2117   -03.7691    81.492981     2.647335   120.2316   006.6670   059.6900   006.6900   030.2708   004.7224
P0347+05   182.2737   -35.7311    20.790758     0.499129   030.6739   001.5628   017.0000   000.9700   006.8369   000.9197
3C272.1    280.6321   074.6873     1.725588     0.278553   002.5459   000.4266   003.0200   000.0500   -00.2371   000.2148
3C225a     219.8664   044.0247     3.533801     0.079164   005.2136   000.2618   004.3000   000.1800   000.4568   000.1589
4C07.32    322.2286   068.8350     2.324275     0.062974   003.4291   000.1799   002.6700   000.0400   000.3796   000.0922
3C245      233.1247   056.3009     2.224268     0.059192   003.2816   000.1714   002.5700   000.0400   000.3558   000.0880
3C93.1     160.0361   -15.9147    22.409589     0.736312   033.0622   001.8406   015.5700   001.3200   008.7461   001.1325
3C348      022.9710   029.1769     5.704322     0.146202   008.4159   000.4354   007.1900   000.2100   000.6130   000.2417
4C13.67    043.4971   009.1540    45.869019     1.393641   067.6734   003.6710   021.1300   001.1200   023.2717   001.9190
3C286      056.5241   080.6747     0.813897     0.049023   001.2008   000.0902   001.3400   000.0900   -00.0696   000.0637
4C13.65    039.3151   017.7180    11.795742     0.389079   017.4030   000.9701   011.5800   000.2100   002.9115   000.4963
3C190.0    207.6242   021.8412     2.405234     0.031253   003.5486   000.1660   003.5600   000.0600   -00.0057   000.0883
P0320+05   176.9818   -40.8433    14.928497     0.444995   022.0249   001.1877   014.1600   000.6200   003.9325   000.6699
3C274.1    269.8744   083.1637     2.343322     0.015144   003.4572   000.1570   002.9800   000.0600   000.2386   000.0840
3C207      212.9680   030.1390    10.489793     0.497227   015.4762   001.0109   006.6400   000.2000   004.4181   000.5152
T0629+10   201.5315   000.5079   397.591968     8.819450   586.5919   029.3976   074.8900   003.6800   255.8509   014.8135
4C12.50    347.2230   070.1718     2.190863     0.114272   003.2323   000.2225   002.3700   000.1100   000.4312   000.1241
4C04.51    007.2923   047.7470     3.400116     0.190655   005.0164   000.3605   004.5500   000.1300   000.2332   000.1916
4C33.48    066.3887   008.3713    14.652607     0.344123   021.6179   001.0962   015.7600   003.0400   002.9289   001.6158
3C111      161.6756   -08.8197   125.657272     5.415866   185.3899   011.5437   036.4300   004.4200   074.4799   006.1805
J2232      077.4379   -38.5824     4.007938     0.185913   005.9132   000.3819   005.5000   000.4100   000.2066   000.2802
3C298      352.1602   060.6666     1.296034     0.072952   001.9121   000.1377   002.3900   000.3800   -00.2389   000.2021
B2050      078.8581   -05.1238    23.229453     0.569798   034.2718   001.7547   033.8600   002.4200   000.2059   001.4946
3C225B     220.0101   044.0084     4.918247     0.104939   007.2562   000.3610   004.5500   000.2100   001.3531   000.2088
3C225A     219.8662   044.0249     3.533801     0.079164   005.2136   000.2618   004.2400   000.3000   000.4868   000.1991
PKS0531    186.7617   -07.1076    20.751053     0.624346   030.6153   001.6557   028.8400   009.7200   000.8877   004.9300
4C16.09    166.6357   -33.5959    10.390458     0.436875   015.3297   000.9434   012.1000   001.1300   001.6148   000.7360
3C48       133.9626   -28.7194     2.567572     0.091040   003.7881   000.2168   004.9500   000.4100   -00.5810   000.2319
3C327.1    012.1821   037.0047     8.358860     0.314688   012.3323   000.7230   008.7200   001.1800   001.8062   000.6919
3C147      161.6864   010.2984    17.782939     0.466624   026.2363   001.3653   020.5900   001.9500   002.8231   001.1902
3C459      083.0397   -51.2850     5.070791     0.193242   007.4813   000.4408   006.2900   000.4900   000.5956   000.3296
3C345      063.4550   040.9489     1.184402     0.068281   001.7474   000.1277   001.0100   000.1300   000.3687   000.0911
