src        l            b       radiance[1e11] errRad[1e11]   N(H)     err       N(HI)      err        N(H2)      err
==========================================================================================================================
3C33       129.4481   -49.3244     0.612065     0.025031   002.5689   000.3045   003.5100   000.0600   -00.4706   000.1552
3C18       118.6218   -52.7266     2.897426     0.128854   011.8246   001.0845   007.5700   001.2000   002.1273   000.8087
3C141.0    174.5324   -01.3112     9.642644     0.481301   039.1427   003.6558   066.6000   001.9600   -13.7286   002.0740
3C142.1    197.6157   -14.5115     7.097469     0.252456   028.8347   002.4996   027.7600   002.9200   000.5374   001.9219
3C138      187.4050   -11.3434     4.875632     0.272752   019.8363   001.9232   026.4300   002.8900   -03.2968   001.7357
3C75-2     170.2958   -44.9192     3.018928     0.126324   012.3167   001.1132   010.4000   000.2800   000.9583   000.5739
3C75-1     170.2162   -44.9112     2.843046     0.124588   011.6043   001.0613   010.0700   000.2700   000.7672   000.5476
3C409      063.3981   -06.1216    10.483468     0.530376   042.5480   003.9890   031.6900   003.5300   005.4290   002.6633
3C33-1     129.4392   -49.3432     0.579657     0.028276   002.4376   000.3027   003.5500   000.1600   -00.5562   000.1712
3C79       164.1487   -34.4565     2.067700     0.121879   008.4642   000.8518   011.8400   001.3100   -01.6879   000.7813
3C78       174.8581   -44.5133     3.005963     0.195161   012.2641   001.2626   013.7400   001.9300   -00.7379   001.1531
3C98-1     179.8593   -31.0859     3.584346     0.136173   014.6066   001.2899   013.1100   000.4500   000.7483   000.6831
3C75       170.2558   -44.9111     2.887724     0.125917   011.7853   001.0761   009.9700   000.2400   000.9076   000.5513
T0526+24   181.3551   -05.1933    12.746717     0.859526   051.7142   005.3665   122.4200   082.2100   -35.3529   041.1925
3C133      177.7259   -09.9122     9.813846     0.647728   039.8361   004.0973   035.9800   004.0500   001.9280   002.8806
3C132      178.8598   -12.5219     6.395426     0.327479   025.9915   002.4477   030.1000   001.6400   -02.0543   001.4732
3C131      171.4368   -07.7967     9.845983     0.608370   039.9662   004.0052   036.0900   002.1000   001.9381   002.2612
3C310      038.5004   060.2098     0.946087     0.048417   003.9217   000.4174   004.6900   000.1300   -00.3842   000.2186
3C315      039.3605   058.3030     1.200331     0.038461   004.9513   000.4647   006.0300   000.4800   -00.5393   000.3340
3C109      181.8280   -27.7769     8.187062     0.449508   033.2476   003.1972   026.3200   001.2900   003.4638   001.7238
3C234      200.2050   052.7049     0.402382     0.010378   001.7196   000.2499   002.0400   000.0500   -00.1602   000.1274
3C236      190.0640   053.9808     0.278366     0.009660   001.2174   000.2314   001.5300   000.0500   -00.1563   000.1184
3C237      232.1171   046.6273     0.551982     0.019090   002.3255   000.2851   002.6000   000.2300   -00.1372   000.1832
3C154      185.5941   004.0066     8.197541     0.563669   033.2900   003.4838   045.9400   014.9400   -06.3250   007.6704
3C228.0    220.8313   046.6355     0.639528     0.020471   002.6801   000.3047   003.3000   000.0600   -00.3100   000.1553
4C22.12    188.0524   000.0470    10.545873     0.587166   042.8008   004.1337   107.7300   019.2800   -32.4646   009.8591
NRAO140    159.0002   -18.7646    12.482371     0.505552   050.6436   004.4935   037.2800   023.0500   006.6818   011.7420
3C318      029.9821   054.7856     1.581311     0.060281   006.4943   000.5998   006.0000   000.2000   000.2472   000.3161
3C64       157.7658   -48.2032     1.827988     0.106308   007.4934   000.7561   008.0000   000.2400   -00.2533   000.3966
3C454.0    088.1001   -35.9413     1.152833     0.035483   004.7590   000.4482   006.8000   000.1500   -01.0205   000.2363
P0531+19   186.7634   -07.1085     5.062842     0.228072   020.5945   001.8767   030.1300   000.8700   -04.7677   001.0343
3C454.3    086.1110   -38.1838     2.167636     0.110432   008.8689   000.8516   007.9000   015.7500   000.4845   007.8865
3C33-2     129.4620   -49.2774     0.605401     0.021758   002.5419   000.2990   003.6900   000.1900   -00.5741   000.1771
P0820+22   201.3636   029.6761     0.963273     0.040933   003.9913   000.4082   005.3500   000.2700   -00.6794   000.2447
3C333      037.3001   042.9721     1.760536     0.084694   007.2202   000.6922   006.4300   000.4200   000.3951   000.4048
3C192      197.9126   026.4098     1.223754     0.032579   005.0462   000.4635   005.0200   000.0700   000.0131   000.2344
3C98       179.8374   -31.0490     3.656141     0.149469   014.8974   001.3339   013.9300   000.5300   000.4837   000.7177
3C273      289.9509   064.3600     0.510233     0.025350   002.1564   000.2851   002.3700   000.1900   -00.1068   000.1713
3C267.0    256.3418   070.1102     0.766739     0.016494   003.1953   000.3298   002.9500   000.0500   000.1226   000.1668
DW0742+10  209.7960   016.5911     0.580633     0.014353   002.4416   000.2864   003.0700   000.0600   -00.3142   000.1463
P1055+20   222.5101   063.1302     0.525090     0.011333   002.2166   000.2728   001.9800   000.0500   000.1183   000.1387
3C433      074.4764   -17.6945     2.733439     0.114932   011.1604   001.0129   010.3800   002.1000   000.3902   001.1657
3C172.0    191.2045   013.4105     1.504931     0.046237   006.1850   000.5577   009.7500   000.2000   -01.7825   000.2963
P0428+20   176.8082   -18.5568     8.358852     0.403740   033.9434   003.1421   030.2000   003.1300   001.8717   002.2175
4C19.44    008.9924   073.0418     1.236785     0.063196   005.0990   000.5160   003.3500   000.0600   000.8745   000.2597
3C353      021.1108   019.8770     5.604064     0.310189   022.7865   002.1996   013.7100   001.0100   004.5382   001.2102
3C167      207.3119   001.1529     9.736882     0.407452   039.5244   003.5321   063.5000   003.1000   -11.9878   002.3498
3C293      054.6071   076.0603     0.456086     0.026671   001.9371   000.2776   001.6200   000.0600   000.1586   000.1420
3C98-2     179.8288   -31.0241     3.702101     0.147305   015.0835   001.3429   012.9600   000.5200   001.0618   000.7200
3C105      187.6326   -33.6090     7.304812     0.368646   029.6745   002.7816   018.5600   001.8700   005.5572   001.6759
3C120      190.3729   -27.3968     5.086372     0.363931   020.6898   002.2058   022.2200   002.2600   -00.7651   001.5790
CTA21      166.6357   -33.5961     2.571454     0.141900   010.5044   001.0254   012.0800   000.4100   -00.7878   000.5522
3C123      170.5817   -11.6610     9.235308     0.694376   037.4930   004.0849   024.5500   004.8000   006.4715   003.1514
4C20.33    020.1848   066.8341     0.736144     0.017313   003.0714   000.3233   003.4000   000.0700   -00.1643   000.1654
T0556+19   190.0893   -02.1665    13.434224     0.955597   054.4986   005.7882   067.7900   040.3300   -06.6457   020.3716
P1117+14   240.4380   065.7884     0.650484     0.016331   002.7245   000.3030   001.9800   000.0300   000.3722   000.1522
3C264.0    236.9959   073.6422     0.817066     0.024847   003.3991   000.3501   002.1900   000.0400   000.6046   000.1762
3C208.1    213.6015   033.5830     0.744642     0.025277   003.1058   000.3337   003.4900   000.0700   -00.1921   000.1705
3C208.0    213.6628   033.1608     0.878252     0.030853   003.6469   000.3724   003.7800   000.0600   -00.0665   000.1886
4C32.44    067.2335   081.0477     0.385328     0.008447   001.6506   000.2459   001.3600   000.0900   000.1453   000.1309
3C263.1    228.2701   074.3753     0.541340     0.012246   002.2824   000.2767   002.1200   000.0700   000.0812   000.1427
3C225b     220.0116   044.0083     1.354180     0.045747   005.5744   000.5160   004.1500   000.0800   000.7122   000.2611
3C410      069.2117   -03.7691    19.214110     0.937094   077.9071   007.2286   059.6900   006.6900   009.1086   004.9246
P0347+05   182.2737   -35.7311     4.928430     0.203435   020.0501   001.7917   017.0000   000.9700   001.5251   001.0187
3C272.1    280.6321   074.6873     0.634381     0.077878   002.6592   000.4299   003.0200   000.0500   -00.1804   000.2164
3C225a     219.8664   044.0247     1.259407     0.033537   005.1906   000.4743   004.3000   000.1800   000.4453   000.2537
4C07.32    322.2286   068.8350     0.753960     0.024128   003.1435   000.3345   002.6700   000.0400   000.2368   000.1684
3C245      233.1247   056.3009     0.584083     0.022877   002.4555   000.2960   002.5700   000.0400   -00.0572   000.1493
3C93.1     160.0361   -15.9147     6.575648     0.259486   026.7214   002.3614   015.5700   001.3200   005.5757   001.3526
3C348      022.9710   029.1769     2.028237     0.057577   008.3044   000.7209   007.1900   000.2100   000.5572   000.3754
4C13.67    043.4971   009.1540     8.752463     0.506973   035.5375   003.4791   021.1300   001.1200   007.2037   001.8275
3C286      056.5241   080.6747     0.300155     0.014745   001.3056   000.2385   001.3400   000.0900   -00.0172   000.1275
4C13.65    039.3151   017.7180     4.004547     0.136911   016.3084   001.4120   011.5800   000.2100   002.3642   000.7138
3C190.0    207.6242   021.8412     0.751681     0.019347   003.1343   000.3288   003.5600   000.0600   -00.2128   000.1671
P0320+05   176.9818   -40.8433     3.572773     0.163210   014.5597   001.3372   014.1600   000.6200   000.1999   000.7370
3C274.1    269.8744   083.1637     0.676278     0.017382   002.8289   000.3097   002.9800   000.0600   -00.0755   000.1577
3C207      212.9680   030.1390     2.287603     0.156645   009.3548   000.9912   006.6400   000.2000   001.3574   000.5056
T0629+10   201.5315   000.5079    36.935623     3.757660   149.6793   019.2703   074.8900   003.6800   037.3946   009.8093
4C12.50    347.2230   070.1718     0.995963     0.035264   004.1237   000.4075   002.3700   000.1100   000.8768   000.2111
4C04.51    007.2923   047.7470     1.320676     0.058037   005.4387   000.5272   004.5500   000.1300   000.4444   000.2715
4C33.48    066.3887   008.3713     5.378047     0.141953   021.8711   001.8266   015.7600   003.0400   003.0555   001.7733
3C111      161.6756   -08.8197    15.322078     1.747256   062.1444   008.6116   036.4300   004.4200   012.8572   004.8398
J2232      077.4379   -38.5824     1.433181     0.058870   005.8944   000.5579   005.5000   000.4100   000.1972   000.3462
3C298      352.1602   060.6666     0.621247     0.022192   002.6060   000.3028   002.3900   000.3800   000.1080   000.2430
B2050      078.8581   -05.1238     7.295358     0.229576   029.6362   002.5216   033.8600   002.4200   -02.1119   001.7475
3C225B     220.0101   044.0084     1.354180     0.045747   005.5744   000.5160   004.5500   000.2100   000.5122   000.2785
3C225A     219.8662   044.0249     1.259407     0.033537   005.1906   000.4743   004.2400   000.3000   000.4753   000.2806
PKS0531    186.7617   -07.1076     5.062842     0.228072   020.5945   001.8767   028.8400   009.7200   -04.1227   004.9498
4C16.09    166.6357   -33.5959     2.571454     0.141900   010.5044   001.0254   012.1000   001.1300   -00.7978   000.7630
3C48       133.9626   -28.7194     1.037052     0.031195   004.2901   000.4125   004.9500   000.4100   -00.3300   000.2908
3C327.1    012.1821   037.0047     2.284882     0.105668   009.3438   000.8728   008.7200   001.1800   000.3119   000.7339
3C147      161.6864   010.2984     3.507990     0.181604   014.2974   001.3584   020.5900   001.9500   -03.1463   001.1882
3C459      083.0397   -51.2850     1.427328     0.064634   005.8707   000.5668   006.2900   000.4900   -00.2097   000.3746
3C345      063.4550   040.9489     0.385940     0.020685   001.6531   000.2576   001.0100   000.1300   000.3215   000.1443
