src		l		b		l_id	b_id	T408(K)		l_id	b_id	T408(K)		T408(K)		Tbg_continuum(K)
                                                                (IDL -                        (Python-         (Haslam-408Mhz
                                                          From Carl's tb_408.sav)      From Carl's tb_408.sav)   map from LAMDA)
===============================================================================================================================================
3C105		187.632553101	-33.6090278625	563	169	27.3999996185	563	169	27.4		27.0849 	3.32762123226
3C109		181.827896118	-27.7768802643	545	187	32.5		545	187	32.5		31.4493	 	3.4126409335

3C123		170.581436157	-11.6607217789	512	235	48.1000022888	512	235	48.1		46.7487		3.71067741438

3C131		171.436828613	-7.79669475555	514	247	40.5		514	247	40.5		39.6646		3.57267721606
3C132		178.859802246	-12.5218839645	537	232	33.0		537	232	33.0		33.4776		3.45215277018
3C133		177.725738525	-9.91240787506	533	240	38.7000007629	533	240	38.7		37.7108		3.53461665967
3C154		185.593215942	4.00309324265	557	282	41.2999992371	557	282	41.3		39.0774		3.56123840005
3C167		207.311920166	1.15291512012	622	273	45.2000007629	622	273	45.2		44.5701		3.66823769274
3C18		118.621551514	-52.7265319824	356	112	28.8000011444	356	112	28.8		28.3353		3.35197936498
3C207		212.968109131	30.1389598846	639	360	19.6000003815	639	360	19.6		19.3221		3.17639977301
3C409		63.3982963562	-6.12196683884	190	252	77.7000045776	190	252	77.7		72.3723		4.20983212445
3C410		69.2087936401	-3.76806855202	208	259	76.5999984741	208	259	76.6		73.2654		4.22722995581
3C454.3		86.1108169556	-38.1830825806	258	155	34.4000015259	258	155	34.4		34.08		3.46388768633
3C75		170.255615234	-44.9111557007	511	135	32.4000015259	511	135	32.4		31.6635		3.41681360787
4C13.67		43.4968528748	9.15430736542	130	297	73.8000030518	130	297	73.8		73.9281		4.24013953239
4C22.12		188.052368164	0.0470512732863	564	270	43.5		564	270	43.5		42.7146		3.63209204714
G196.6+0.2	196.640350342	0.167616575956	590	271	46.9000015259	590	271	46.9		46.4924		3.70568462054
G197.0+1.1	196.982910156	1.10338318348	591	273	45.4000015259	591	273	45.4		43.8936		3.6550592884
P0428+20	176.808151245	-18.5568180084	530	214.0	33.4000015259	530	214	33.4		34.1342		3.4649435171
P0531+19	186.763473511	-7.10847568512	560	249.0	47.4000015259	560	249	47.4		46.811		3.71189103535
T0526+24	181.355117798	-5.19333171844	544	254.0	42.4000015259	544	254	42.4		42.0801		3.61973181425
T0556+19	190.089324951	-2.16651010513	570	264.0	47.1000022888	570	264	47.1		46.6306		3.7083767942
T0629+10	201.531524658	0.5078779459	605	272.0	38.4000015259	605	272	38.4		37.8003		3.53636014406
