#      Tex67-Tex65     Tex_diff_er       R67/65           R_er
================================================================
0 	-0.484884 	0.302988 	1.69757 	0.0363257
1 	-0.425934 	0.768998 	1.71334 	0.0889475
2 	0.226007 	2.2169 		1.63432 	0.288314
3 	-0.422481 	1.40783 	1.60523 	0.179808
4 	0.0566273 	1.09338 	1.81426 	0.0942879
5 	0.442467 	0.716505 	2.1337 		0.147266
6 	-1.7453 	0.634027 	2.31987 	0.0646705
7 	-2.57897 	0.925762 	1.58439 	0.158772
8 	0.309017 	0.523319 	1.49434 	0.135811
9 	0.74618 	0.511692 	1.55443 	0.0800134
10 	0.203321 	0.147261 	1.64717 	0.0266101
11 	3.69081 	1.21786 	1.72269 	0.158983
12 	-0.823217 	0.628585 	2.11397 	0.0264198
13 	0.104914 	2.03642 	2.24413 	0.176453
14 	0.0412734 	0.33569 	1.61047 	0.0458449
15 	-0.722317 	0.805405 	1.79304 	0.11433
16 	-2.25751 	1.89449 	1.44506 	0.214486
17 	-0.109629 	1.34389 	0.997434 	0.211556
18 	-0.35598 	1.08317 	2.00556 	0.22112
19 	-1.74523 	1.01746 	1.39366 	0.133863
20 	-0.298633 	0.232265 	1.76215 	0.0295665
21 	-7.92662 	25.2798 	0.920507 	0.166942
22 	-2.15318 	0.427871 	1.36824 	0.112536
23 	-2.54481 	0.529543 	2.06788 	0.0576266
24 	-3.41953 	1.83063 	1.93979 	0.195109
25 	-1.41255 	1.34743 	2.12607 	0.155122
26 	1.81613 	1.23302 	1.92183 	0.0861859
27 	0.13109 	0.623648 	1.97995 	0.102252
28 	-0.0274911 	0.54471 	1.20143 	0.125537
29 	-0.0813584 	1.33828 	1.76105 	0.327622
30 	-0.43585 	0.528715 	2.06353 	0.147972
31 	-1.04672 	1.32527 	1.50076 	0.223254
32 	0.152478 	0.411762 	1.51926 	0.0799663
33 	0.0 		0.0 		1.31317 	0.265439
34 	-0.842719 	1.16711 	1.78746 	0.384044
35 	0.899532 	1.04317 	1.80594 	0.251885
36 	0.470889 	0.365874 	1.80948 	0.0828483
37 	-4.36976 	2.41477 	1.97986 	0.381867
38 	-0.790712 	0.45492 	1.80055 	0.0656653
39 	-1.68201 	1.51334 	2.27797 	0.91732
40 	0.153066 	1.55338 	2.83437 	1.94957
41 	2.65305 	1.52384 	2.00147 	0.783283
42 	-2.06956 	0.231661 	1.22773 	0.234888
43 	0.459171 	0.134268 	1.33924 	0.268798
44 	0.656899 	0.286712 	1.2346 		0.0619715
45 	-0.467454 	0.257049 	1.34699 	0.0662364
46 	-1.30131 	0.33143 	1.99762 	0.19139
47 	-1.36817 	0.728906 	1.69664 	0.22728
