#       name            l                  b              E(B-V)SFD               err                E(B-V)SFD_online      E(B-V)S&F2011   err 
===============================================================================================================================================
0 	3C33 		129.4481 	-49.3244 	0.0261138482019 	0.00124093173116	0.0269    0.0020	0.0231    0.0017
                                                         0.0269  0.0020   0.0231  0.0017   0.0722
0 	3C142.1 	197.6157 	-14.5115 	0.33226390183 		0.0110797848075		0.3275    0.0168	0.2816    0.0145
0 	3C138 		187.4052 	-11.3437 	0.290352563063 		0.00612087818972	0.2950    0.0199	0.2537    0.0171
0 	3C78 		174.8581 	-44.513 	0.171594902873 		0.00106309103341	0.1720    0.0028	0.1479    0.0024
0 	3C310 		38.5004 	60.2098 	0.0405731089413 	0.00111376208204	0.0405    0.0017	0.0348    0.0015
0 	3C315 		39.3605 	58.303 		0.061974093318 		0.000459301946967	0.0617    0.0008	0.0530    0.0007
1 	3C234 		200.205 	52.7049 	0.0190973067656 	0.000278323933596	0.0189    0.0004	0.0163    0.0003
1 	3C236 		190.064 	53.9808 	0.0109188002534 	9.32008407645e-05	0.0112    0.0004	0.0097    0.0004
27	NRAO140	        158.9996697	-18.7650247
31	P0531+19	186.7634	-7.1085
34	P0820+22	201.3636	29.6761
0 	3C98 		179.8374 	-31.049 	0.225928336382 		0.00414373644717	0.2244    0.0062	0.1930    0.0054
1 	DW0742+10 	209.796 	16.5911 	0.0256032394245 	0.000302236031077	0.0254    0.0006	0.0219    0.0005
43	3C172.0	191.2045	13.4105
1 	3C293 		54.6071 	76.0603 	0.0162425804883 	0.000132403007508	0.0160    0.0007	0.0137    0.0006
1 	P1117+14 	240.438 	65.7884 	0.0292320856825 	0.000350097406967	0.0291    0.0009	0.0250    0.0007
57	3C264.0	236.9959	73.6422
58	3C208.1	213.6015	33.583
1 	3C208.0 	213.6628 	33.1608 	0.0340325757861 	0.0			0.0334    0.0011	0.0287    0.0009
1 	4C32.44 	67.2401 	81.0438 	0.0153079498559 	0.00028319126059	0.0155    0.0004	0.0133    0.0004
1 	3C272.1 	280.6321 	74.6873 	0.0268155820668 	0.000253299925372	0.0265    0.0017	0.0228    0.0015
0 	3C245 		233.1247 	56.3009 	0.0247986707836 	0.000929340643843	0.0250    0.0009	0.0215    0.0008
0 	3C348 		22.971 		29.1769 	0.0968272387981 	0.00200432499107	0.0955    0.0015	0.0821    0.0013
1 	3C286 		56.5295 	80.674 		0.011713684847 		0.000447479385728	0.0116    0.0005 	0.0100    0.0005
74	3C190.0	207.6242	21.8412	
0 	3C274.1 	269.8744 	83.1637 	0.0287563316524 	0.000444986426578	0.0292    0.0007	0.0252    0.0006
1 	3C298 		352.1602 	60.6666 	0.0285857478157 	0.000909384769618	0.0290    0.0010	0.0249    0.0008
