#        src             l               b              E(B-V)SFD_online      E(B-V)S&F2011   err 
=================================================================================================
0 	3C18 		118.62155151 	-52.72653198 	0.1622    0.0204	0.1395    0.0175
1 	3C123 		170.58143616 	-11.66072178 	1.0014	  0.0293	0.8612	  0.0252
2 	3C409 		63.39829636 	-6.12196684 	0.6684    0.0302	0.5749    0.0260
3 	P0428+20 	176.80815125 	-18.55681801 	0.5314	  0.0359	0.4570	  0.0309
4 	3C410 		69.20879364 	-3.76806855 	1.3543    0.0176	1.1647    0.0152
5 	3C154 		185.59321594 	4.00309324 	0.6331	  0.0359	0.5444	  0.0309
6 	3C454.3 	86.11081696 	-38.18308258 	0.1034	  0.0048	0.0889	  0.0041
7 	4C22.12 	188.05236816 	0.04705127 	0.9559	  0.0197	0.8221    0.0169
8 	G197.0+1.1 	196.98291016 	1.10338318 	0.8320	  0.0239	0.7155	  0.0205
9 	G196.6+0.2 	196.64035034 	0.16761658 	0.8997	  0.0288	0.7738	  0.0248
10 	3C167 		207.31192017 	1.15291512 	0.6660	  0.0117	0.5727    0.0100
11 	T0629+10 	201.53152466 	0.50787795 	1.8216	  0.2649	1.5665    0.2278
12 	3C207 		212.96810913 	30.13895988 	0.0882    0.0049        0.0759	  0.0042
13 	T0526+24 	181.3551178 	-5.19333172 	1.1665    0.0198	1.0032	  0.0170
14 	3C105 		187.6325531 	-33.60902786 	0.4654	  0.0219	0.4002	  0.0188
15 	3C75 		170.25561523 	-44.9111557 	0.1775 	  0.0056	0.1527	  0.0048
16 	3C109 		181.82789612 	-27.77688026 	0.5863    0.0371	0.5042    0.0319
17 	3C133 		177.72573853 	-9.91240788 	0.8975	  0.0514	0.7719	  0.0442
18 	3C132 		178.85980225 	-12.52188396 	0.4961    0.0137	0.4266    0.0118
19 	3C131 		171.43682861 	-7.79669476 	0.9705	  0.0203	0.8347 	  0.0174
20 	4C13.67 	43.49685287 	9.15430737 	0.6400	  0.0164	0.5504    0.0141
