src           l         b           E(B-V)SFD_online  E(B-V)S&F2011 err   Av(mag)S&F 
=====================================================================================
3C33       129.4481     -49.3244        0.0269  0.0020   0.0231  0.0017   0.0722
3C64       157.7658   -48.2032          0.0925  0.0038   0.0795  0.0033   0.2477
3C78       174.8581     -44.5133        0.1720  0.0028   0.1479  0.0024   0.4573
3C98       179.8374   -31.0490          0.2244  0.0062   0.1930  0.0054   0.6019
3C120      190.3729   -27.3968          0.2970  0.0022   0.2554  0.0019   0.7930
3C138      187.4050     -11.3434        0.2950  0.0199   0.2537  0.0171   0.7798
3C142.1    197.6157     -14.5115        0.3275  0.0168   0.2816  0.0145   0.8998
3C192      197.9126   026.4098          0.0548  0.0015   0.0471  0.0013   0.1480
3C237      232.1171     046.6273        0.0199  0.0005   0.0171  0.0004   0.0534
3C245      233.1247   056.3009          0.0250   0.0009  0.0215  0.0008   0.0653
P1055+20   222.5101   063.1302          0.0245  0.0009   0.0211  0.0008   0.0657
3C273      289.9509   064.3600          0.0208  0.0005   0.0179  0.0004   0.0550
3C274.1    269.8744   083.1637          0.0292   0.0007  0.0252  0.0006   0.0766
3C310      038.5004     060.2098        0.0405  0.0017   0.0348  0.0015   0.1095
3C315      039.3605     058.3030        0.0617  0.0008   0.0530  0.0007   0.1654
3C318      029.9821   054.7856          0.0626  0.0016   0.0539  0.0014   0.1679
3C333      037.3001   042.9721          0.0879  0.0013   0.0756  0.0011   0.2390
3C348      022.9710   029.1769          0.0955   0.0015  0.0821  0.0013   0.2522
4C13.65    039.3151   017.7180          0.1383   0.0045  0.1189  0.0039   0.3740
3C234      200.2050     052.7049        0.0189  0.0004   0.0163  0.0003   0.0498
3C236      190.0640     053.9808        0.0112  0.0004   0.0097  0.0004   0.0293
3C267.0    256.3418   070.1102          0.0331  0.0009   0.0285  0.0008   0.0903
DW0742+10  209.7960   016.5911          0.0254  0.0006   0.0219  0.0005   0.0675
3C293      054.6071   076.0603          0.0160  0.0007   0.0137  0.0006   0.0446
4C20.33    020.1848   066.8341          0.0419   0.0011  0.0360  0.0010   0.1131
P1117+14   240.4380   065.7884          0.0291   0.0009  0.0250  0.0007   0.0773
3C264.0    236.9959   073.6422          0.0233   0.0005  0.0201  0.0004   0.0622
4C32.44    067.2335   081.0477          0.0155   0.0004  0.0133  0.0004   0.0413
3C263.1    228.2701   074.3753          0.0232   0.0007  0.0200  0.0006   0.0627
3C272.1    280.6321   074.6873          0.0395   0.0021  0.0340  0.0018   0.1065
4C07.32    322.2286   068.8350          0.0315   0.0003  0.0271  0.0003   0.0836
3C286      056.5241   080.6747          0.0116   0.0005  0.0100  0.0005   0.0306
4C12.50    347.2230   070.1718          0.0333   0.0006  0.0286  0.0005   0.0893
3C298      352.1602   060.6666          0.0290   0.0010  0.0249   0.0008  0.0785
3C345      063.4550   040.9489          0.0131   0.0007  0.0112   0.0006  0.0350