# 26src-with_no_CO src\    l               b              E(B-V)SFD                   err                E(B-V)SFD_online      E(B-V)S&F2011   err 
== 23src with low N(HI) =============================================================================================================================
0 	3C18 		118.6218 	-52.7266 	0.157928563654 		0.00332184074388	0.1622    0.0204	0.1395    0.0175
0 	3C33 		129.4481 	-49.3244 	0.0261138482019 	0.00124093173116	0.0269    0.0020	0.0231    0.0017
0 	3C64 		157.7658 	-48.2032 	0.0946835279465 	0.00431475200617	0.0925    0.0038	0.0795    0.0033
0 	3C78 		174.8581 	-44.513 	0.171594902873 		0.00106309103341	0.1720    0.0028	0.1479    0.0024
0 	3C98 		179.8374 	-31.049 	0.225928336382 		0.00414373644717	0.2244    0.0062	0.1930    0.0054
0 	3C109 		181.828 	-27.7769 	0.611995726824 		0.0294470126036		0.5863    0.0371	0.5042    0.0319
0 	3C120 		190.3728 	-27.3973 	0.297577748696 		0.00201197870299	0.2970    0.0022	0.2554    0.0019
0 	3C132 		178.8598 	-12.5219 	0.50593033433 		0.00885617700063	0.4961    0.0137	0.4266    0.0118
0 	3C138 		187.4052 	-11.3437 	0.290352563063 		0.00612087818972	0.2950    0.0199	0.2537    0.0171
0 	3C142.1 	197.6157 	-14.5115 	0.33226390183 		0.0110797848075		0.3275    0.0168	0.2816    0.0145
0 	P0531+19 	186.7634 	-7.1085 	0.35513522476 		0.00557678401989	0.3514    0.0099	0.3022    0.0085
0 	3C192 		197.9126 	26.4098 	0.0542626371607 	0.000838931667204	0.0548    0.0015	0.0471    0.0013
0 	3C237 		232.1174 	46.6276 	0.0199534719189 	0.000428592564064	0.0199    0.0005	0.0171    0.0004
0 	3C245 		233.1247 	56.3009 	0.0247986707836 	0.000929340643843	0.0250    0.0009	0.0215    0.0008
0 	P1055+20 	222.5101 	63.1302 	0.0248757619411 	0.000927030469709	0.0245    0.0009	0.0211    0.0008
0 	3C273 		289.9484 	64.3586 	0.0213701892644 	0.000504987733789	0.0208    0.0005	0.0179    0.0004
0 	3C274.1 	269.8744 	83.1637 	0.0287563316524 	0.000444986426578	0.0292    0.0007	0.0252    0.0006
0 	3C310 		38.5004 	60.2098 	0.0405731089413 	0.00111376208204	0.0405    0.0017	0.0348    0.0015
0 	3C315 		39.3605 	58.303 		0.061974093318 		0.000459301946967	0.0617    0.0008	0.0530    0.0007
0 	3C318 		29.9821 	54.7856 	0.0772012025118 	0.00112731756219	0.0626    0.0016	0.0539    0.0014
0 	3C333 		37.3001 	42.9721 	0.0879551619291 	0.000500019674021	0.0879    0.0013	0.0756    0.0011
0 	3C348 		22.971 		29.1769 	0.0968272387981 	0.00200432499107	0.0955    0.0015	0.0821    0.0013
0 	4C13.65 	39.3151 	17.718 		0.139399662614 		0.00164056607829	0.1383    0.0045	0.1189    0.0039
0 	3C409 		63.3985 	-6.1223 	0.694509983063 		0.0189048118596		0.6684    0.0302	0.5749    0.0260
0 	3C433 		74.4772 	-17.695 	0.145323578268 		0.00544317003348	0.1450    0.0089	0.1247    0.0077
0 	3C454.0 	88.1001 	-35.9413 	0.054236728698 		0.00110035411585	0.0580    0.0025	0.0499    0.0021
1 	3C33-1 		129.4392 	-49.3432 	0.0261138482019 	0.00124093173116	0.0259    0.0022	0.0223    0.0019
1 	3C234 		200.205 	52.7049 	0.0190973067656 	0.000278323933596	0.0189    0.0004	0.0163    0.0003
1 	3C236 		190.064 	53.9808 	0.0109188002534 	9.32008407645e-05	0.0112    0.0004	0.0097    0.0004
1 	3C228.0 	220.8313 	46.6355 	0.0293984613381 	0.00027691048229	0.0335    0.0013	0.0288    0.0011
1 	3C33-2 		129.462 	-49.2774 	0.0285706464201 	0.000183507378416	0.0279    0.0014	0.0240    0.0012 	
1 	3C267.0 	256.3418 	70.1102 	0.0329951246579 	0.000938306558394	0.0331    0.0009	0.0285    0.0008
1 	DW0742+10 	209.796 	16.5911 	0.0256032394245 	0.000302236031077	0.0254    0.0006	0.0219    0.0005
1 	4C19.44 	8.9924 		73.0418 	0.059592904523 		0.000224219916989	0.0583    0.0028	0.0501    0.0024
1 	3C293 		54.6071 	76.0603 	0.0162425804883 	0.000132403007508	0.0160    0.0007	0.0137    0.0006
1 	4C20.33 	20.1848 	66.8341 	0.0338812116534 	0.000293817534771	0.0342    0.0006	0.0294    0.0005
1 	P1117+14 	240.438 	65.7884 	0.0292320856825 	0.000350097406967	0.0291    0.0009	0.0250    0.0007
1 	3C264.0 	236.9959 	73.6422 	0.0347498133779 	0.000528510943614	0.0354    0.0029	0.0305    0.0025 	
1 	3C208.1 	213.6015 	33.583 		0.0310559188947 	0.00104515557374	0.0315    0.0033	0.0271    0.0029
1 	3C208.0 	213.6628 	33.1608 	0.0340325757861 	0.0			0.0334    0.0011	0.0287    0.0009	
1 	4C32.44 	67.2401 	81.0438 	0.0153079498559 	0.00028319126059	0.0155    0.0004	0.0133    0.0004 	
1 	3C263.1 	228.2701 	74.3753 	0.0235785245895 	0.000149622629303	0.0233    0.0004	0.0200    0.0003
1 	3C272.1 	280.6321 	74.6873 	0.0268155820668 	0.000253299925372	0.0265    0.0017	0.0228    0.0015 	
1 	4C07.32 	322.2286 	68.835 		0.0344052165747 	0.0			0.0315    0.0003	0.0271    0.0003
1 	3C286 		56.5295 	80.674 		0.011713684847 		0.000447479385728	0.0116    0.0005 	0.0100    0.0005
1 	3C190.0 	207.6242 	21.8412 	0.0294259809889 	0.000824090735225	0.0306    0.0011	0.0263    0.0009
1 	4C12.50 	347.223 	70.1718 	0.0332061555237 	0.000292679569861	0.0333    0.0006	0.0286    0.0005
1 	3C298 		352.1602 	60.6666 	0.0285857478157 	0.000909384769618	0.0290    0.0010	0.0249    0.0008
1 	3C345 		63.455 		40.9489 	0.012567704233 		0.000396690837428	0.0131    0.0007	0.0112    0.0006
