                                                                 OH1665                                                                                                      OH1667
#  src      l  	       b      tau    	 tau_er     v0      v0_er   wid     wid_er   tex    tex_er  noh     noh_er   tau     	tau_er 	     v0      v0_er   wid     wid_er    tex    tex_er  noh   noh_er
======================================================================================================================================================================================================
3C105 187.633 -33.609   0.0155998   0.0003362   8.139   0.009   0.946   0.025   4.646   1.858   0.2923   0.1174   0.0264821   0.000376   8.166   0.006   0.937   0.016   3.951   0.951   0.232   0.0561
3C105 187.633 -33.609   0.0061841   0.0003364   10.22   0.023   0.93   0.063   8.505   4.893   0.2086   0.1214   0.0104162   0.0003681   10.252   0.015   0.958   0.042   7.657   3.407   0.1809   0.0811
3C109 181.828 -27.777   0.0022597   0.0003332   9.151   0.108   1.028   0.257   18.282   27.063   0.181   0.2731   0.0035637   0.000406   9.237   0.047   0.75   0.116   24.575   8.699   0.1554   0.0626
3C109 181.828 -27.777   0.0035801   0.0003393   10.445   0.067   0.98   0.155   13.971   5.414   0.2089   0.0896   0.0053069   0.000367   10.548   0.036   1.023   0.098   13.63   4.483   0.1751   0.0612
3C123 170.581 -11.661   0.0190991   0.0007338   3.649   0.057   1.185   0.112   10.921   3.255   1.0543   0.3323   0.0347628   0.000857   3.713   0.041   1.225   0.075   10.922   2.688   1.1004   0.2804
3C123 170.581 -11.661   0.0431219   0.0022882   4.433   0.009   0.527   0.027   8.064   0.779   0.7814   0.0949   0.0918846   0.0029024   4.457   0.004   0.53   0.014   7.701   0.647   0.887   0.0831
3C123 170.581 -11.661   0.0337411   0.0007758   5.365   0.013   0.915   0.035   11.588   4.297   1.5254   0.5696   0.0783611   0.0008547   5.471   0.006   0.919   0.014   8.794   2.574   1.498   0.4395
3C131 171.437 -7.797   0.0065019   0.000504   4.551   0.02   0.561   0.054   12.525   3.59   0.1947   0.0608   0.0116968   0.0004462   4.635   0.015   0.777   0.039   6.956   1.977   0.1497   0.0436
3C131 171.437 -7.797   0.0073423   0.000573   6.808   0.056   2.914   0.228   8.937   4.535   0.8154   0.4235   0.0088506   0.0004975   5.841   0.028   0.673   0.078   11.043   2.067   0.1557   0.0354
3C131 171.437 -7.797   0.0166435   0.0006946   6.595   0.01   0.418   0.023   5.694   0.851   0.1687   0.0278   0.0318627   0.0007169   6.548   0.007   0.453   0.02   5.99   0.839   0.2047   0.0304
3C131 171.437 -7.797   0.0520682   0.0007126   7.228   0.004   0.551   0.01   5.905   0.64   0.7228   0.08   0.0926636   0.0005254   7.224   0.003   0.648   0.007   5.983   0.341   0.8506   0.0496
3C132 178.86 -12.522   0.0032659   0.0002862   7.825   0.037   0.899   0.098   15.546   6.23   0.1946   0.0826   0.0055648   0.0003197   7.795   0.022   0.793   0.056   23.565   2.168   0.246   0.0318
3C133 177.726 -9.912   0.1008097   0.0010172   7.664   0.001   0.528   0.005   4.467   0.44   1.0133   0.1007   0.2132053   0.0014376   7.677   0.001   0.517   0.003   3.248   0.269   0.8474   0.0706
3C133 177.726 -9.912   0.0148658   0.0009655   7.936   0.023   1.222   0.037   7.077   3.081   0.5482   0.2419   0.033271   0.0013409   7.956   0.015   1.229   0.024   4.168   0.99   0.4032   0.0974
3C154 185.593 4.003   0.0265805   0.0006379   -2.325   0.016   0.744   0.032   2.695   1.932   0.2272   0.1633   0.0429083   0.0006166   -2.342   0.008   0.712   0.016   2.568   0.755   0.1856   0.0548
3C154 185.593 4.003   0.0099863   0.0005683   -1.387   0.044   0.833   0.094   5.203   5.28   0.1845   0.1887   0.0180561   0.0004957   -1.341   0.022   0.937   0.05   4.46   1.785   0.1785   0.0722
3C154 185.593 4.003   0.0037664   0.0004663   2.228   0.068   1.137   0.167   5.83   6.56   0.1065   0.1215   0.0053754   0.0003718   2.193   0.052   1.57   0.131   0.542   8.693   0.0108   0.1737
3C167 207.312 1.153   0.010625   0.0019443   18.456   0.123   1.489   0.355   4.75   17.952   0.3205   1.2152   0.0089905   0.0018132   17.771   0.152   1.761   0.492   4.59   9.568   0.1719   0.3633
3C18 118.622 -52.727   0.0030647   0.0003111   -8.519   0.111   2.637   0.275   10.925   14.876   0.3765   0.5156   0.0060474   0.0003175   -8.339   0.047   2.614   0.141   9.203   6.036   0.3442   0.2272
3C18 118.622 -52.727   0.0055773   0.0004408   -7.822   0.023   0.673   0.066   6.45   3.698   0.1032   0.0606   0.0078518   0.0004493   -7.853   0.015   0.6   0.043   4.827   1.596   0.0538   0.0184
3C207 212.968 30.139   0.0150491   0.0002078   4.547   0.005   0.76   0.012   2.943   1.551   0.1436   0.0757   0.0266106   0.0002154   4.547   0.003   0.773   0.007   2.48   0.465   0.1207   0.0227
3C409 63.398 -6.122   0.0058434   0.001103   14.587   0.271   1.679   0.351   11.314   8.527   0.4735   0.3809   0.0055133   0.0014685   14.681   0.333   1.522   0.396   7.831   11.734   0.1555   0.2401
3C409 63.398 -6.122   0.0204201   0.0024847   15.399   0.01   0.894   0.052   3.176   2.312   0.2473   0.1831   0.0275397   0.0032004   15.416   0.009   0.855   0.042   0.623   0.996   0.0347   0.0557
3C410 69.209 -3.768   0.0043856   0.0005951   6.324   0.039   1.893   0.148   13.415   11.225   0.4748   0.4042   0.0079165   0.0005262   6.376   0.023   2.317   0.091   6.4   5.247   0.2778   0.2288
3C410 69.209 -3.768   0.0088987   0.0005971   6.214   0.011   0.654   0.041   8.456   2.403   0.2099   0.0627   0.0192864   0.0005297   6.262   0.005   0.805   0.02   3.809   1.28   0.14   0.0474
3C410 69.209 -3.768   0.0043514   0.0002598   10.703   0.033   0.708   0.071   10.055   5.892   0.132   0.0789   0.0084966   0.0002377   10.714   0.021   0.81   0.043   4.147   3.09   0.0675   0.0505
3C410 69.209 -3.768   0.0053834   0.0002342   11.671   0.029   0.844   0.068   4.833   4.663   0.0936   0.0907   0.0114852   0.000236   11.678   0.016   0.818   0.032   2.925   2.997   0.065   0.0667
3C454.3 86.111 -38.183   0.0022914   9.79e-05   -9.667   0.03   1.601   0.092   4.627   12.361   0.0724   0.1935   0.0043684   0.0001094   -9.539   0.014   1.245   0.04   8.133   6.056   0.1047   0.0781
3C75 170.256 -44.911   0.0070826   0.000512   -10.359   0.043   1.297   0.119   3.45   5.409   0.1351   0.2124   0.0140261   0.0008482   -10.36   0.034   1.223   0.093   3.51   1.561   0.1424   0.0648
4C13.67 43.497 9.154   0.046441   0.0043084   4.852   0.048   1.104   0.125   10.433   2.772   2.28   0.6917   0.05669   0.0056558   4.89   0.052   1.117   0.136   10.337   2.134   1.5494   0.402
4C22.12 188.052 0.047   0.0058134   0.001049   -2.838   0.07   0.788   0.187   6.537   7.03   0.1276   0.1424   0.0101644   0.0010812   -2.73   0.045   0.779   0.119   6.719   2.32   0.1259   0.0494
4C22.12 188.052 0.047   0.0172051   0.0012084   -1.78   0.02   0.558   0.05   5.065   2.116   0.2074   0.0898   0.0354265   0.0012642   -1.782   0.011   0.539   0.026   3.781   0.737   0.171   0.0349
G196.6+0.2 196.64 0.168   0.0044413   0.0005142   3.261   0.108   1.944   0.27   10.82   12.224   0.3984   0.4558   0.0062488   0.0004723   3.404   0.085   2.375   0.218   8.85   8.6   0.3108   0.3043
G197.0+1.1 196.983 1.103   0.0125688   0.0005247   4.833   0.038   1.881   0.092   6.942   3.821   0.6997   0.3878   0.0191012   0.0009523   4.729   0.04   1.648   0.096   4.796   2.168   0.3572   0.1638
G197.0+1.1 196.983 1.103   0.0058516   0.0008772   7.455   0.048   0.649   0.113   0.306   10.576   0.005   0.1712   0.0077736   0.001488   7.336   0.061   0.653   0.145   1.609   5.869   0.0193   0.0707
G197.0+1.1 196.983 1.103   0.0048967   0.0005192   17.006   0.121   2.468   0.275   10.994   9.901   0.5665   0.5176   0.0080833   0.0034359   16.26   0.166   0.91   0.3   6.447   2.949   0.1122   0.0792
G197.0+1.1 196.983 1.103   0.0051847   0.0014687   17.594   0.033   0.247   0.085   9.87   1.806   0.0538   0.0259   0.0127366   0.0012947   17.381   0.198   1.457   0.35   5.461   4.355   0.2399   0.2013
G197.0+1.1 196.983 1.103   0.0237429   0.0009512   32.01   0.011   0.568   0.026   4.749   1.916   0.2731   0.1114   0.0429772   0.0016807   32.011   0.01   0.542   0.024   3.963   1.035   0.2186   0.0586
P0428+20 176.808 -18.557   0.0014407   0.0002275   3.599   0.077   1.012   0.191   13.478   7.805   0.0838   0.0527   0.0029189   0.0003027   3.542   0.035   0.689   0.084   4.446   9.985   0.0212   0.0477
P0428+20 176.808 -18.557   0.0075434   0.0002204   10.703   0.015   1.092   0.038   13.489   3.447   0.4737   0.123   0.0135855   0.0002436   10.703   0.009   1.099   0.023   12.719   1.62   0.4492   0.0586
T0526+24 181.355 -5.193   0.0171883   0.0072886   7.552   0.294   1.901   1.129   13.705   15.654   1.91   2.5888   0.0430214   0.0101817   7.556   0.139   2.434   0.747   10.187   7.504   2.524   2.101
T0629+10 201.532 0.508   0.0042671   0.0021675   0.16   0.0   0.653   0.404   4.163   2.97   0.0495   0.053   0.0102613   0.0035303   0.35   0.0   1.176   0.413   3.255   1.934   0.0929   0.0717
T0629+10 201.532 0.508   0.038678   0.0073912   3.141   0.126   1.1   0.0   3.854   0.471   0.6992   0.1586   0.0576897   0.0113433   3.068   0.139   1.1   0.0   4.539   0.552   0.6816   0.1576
T0629+10 201.532 0.508   0.0169172   0.0015347   1.457   0.075   1.391   0.255   2.192   2.107   0.2199   0.2161   0.0280915   0.0029151   1.514   0.081   1.235   0.246   2.895   0.912   0.2376   0.0919
T0629+10 201.532 0.508   0.1607035   0.0103952   3.604   0.008   0.606   0.024   3.827   0.354   1.5891   0.1902   0.2535846   0.015381   3.603   0.01   0.651   0.027   4.72   0.644   1.8427   0.2854
T0629+10 201.532 0.508   0.0810913   0.0020226   4.624   0.01   0.757   0.03   6.434   0.968   1.6835   0.2654   0.1553351   0.0036969   4.613   0.009   0.669   0.025   6.622   1.014   1.6275   0.2595
T0629+10 201.532 0.508   0.0747441   0.0017981   6.089   0.017   1.062   0.053   5.443   1.579   1.8416   0.5439   0.1164905   0.0030141   6.056   0.021   1.167   0.065   6.518   1.67   2.0961   0.5522
T0629+10 201.532 0.508   0.0366507   0.0030891   6.995   0.021   0.487   0.056   4.361   0.675   0.3321   0.0699   0.0631214   0.0055893   7.003   0.021   0.501   0.058   4.204   0.296   0.3145   0.0507
T0629+10 201.532 0.508   0.0174126   0.0017846   7.905   0.049   0.829   0.13   3.44   1.674   0.2116   0.1104   0.0306843   0.003026   7.908   0.047   0.821   0.125   3.648   1.21   0.2174   0.0822
