                                                                 OH1665                                                                                                      OH1667
#  src      l  	       b      tau    	 tau_er     v0      v0_er   wid     wid_er   tex    tex_er  noh     noh_er   tau     	tau_er 	     v0      v0_er   wid     wid_er    tex    tex_er  noh   noh_er
======================================================================================================================================================================================================
3C105 187.633 -33.609   0.0155998   0.0003362   8.139   0.009   0.946   0.025   5.089   1.885   0.3202   0.1191   0.0264821   0.000376   8.166   0.006   0.937   0.016   4.263   1.015   0.2503   0.0598
3C105 187.633 -33.609   0.0061841   0.0003364   10.22   0.023   0.93   0.063   9.995   4.822   0.2452   0.1202   0.0104162   0.0003681   10.252   0.015   0.958   0.042   8.915   3.468   0.2106   0.0828
3C109 181.828 -27.777   0.0022597   0.0003332   9.151   0.108   1.028   0.257   16.08   27.51   0.1592   0.2763   0.0035637   0.000406   9.237   0.047   0.75   0.116   13.104   7.391   0.0828   0.0494
3C109 181.828 -27.777   0.0035801   0.0003393   10.445   0.067   0.98   0.155   12.776   5.427   0.191   0.0884   0.0053069   0.000367   10.548   0.036   1.023   0.098   5.633   4.895   0.0724   0.0635
3C123 170.581 -11.661   0.0190991   0.0007338   3.649   0.057   1.185   0.112   11.862   3.412   1.1452   0.3496   0.0347628   0.000857   3.713   0.041   1.225   0.075   11.782   2.824   1.187   0.2951
3C123 170.581 -11.661   0.0431219   0.0022882   4.433   0.009   0.527   0.027   8.49   0.792   0.8227   0.0977   0.0918846   0.0029024   4.457   0.004   0.53   0.014   8.057   0.613   0.9279   0.0804
3C123 170.581 -11.661   0.0337411   0.0007758   5.365   0.013   0.915   0.035   12.255   4.316   1.6131   0.5726   0.0783611   0.0008547   5.471   0.006   0.919   0.014   9.31   2.674   1.5859   0.4564
3C131 171.437 -7.797   0.0065019   0.000504   4.551   0.02   0.561   0.054   11.804   3.595   0.1835   0.0603   0.0116968   0.0004462   4.635   0.015   0.777   0.039   8.096   1.833   0.1742   0.0409
3C131 171.437 -7.797   0.0073423   0.000573   6.808   0.056   2.914   0.228   8.326   4.351   0.7597   0.4058   0.0088506   0.0004975   5.841   0.028   0.673   0.078   12.324   2.047   0.1738   0.0365
3C131 171.437 -7.797   0.0166435   0.0006946   6.595   0.01   0.418   0.023   5.313   0.832   0.1575   0.027   0.0318627   0.0007169   6.548   0.007   0.453   0.02   6.183   0.857   0.2113   0.031
3C131 171.437 -7.797   0.0520682   0.0007126   7.228   0.004   0.551   0.01   5.602   0.644   0.6858   0.0803   0.0926636   0.0005254   7.224   0.003   0.648   0.007   5.96   0.347   0.8473   0.0503
3C132 178.86 -12.522   0.0032659   0.0002862   7.825   0.037   0.899   0.098   13.986   6.421   0.1751   0.084   0.0055648   0.0003197   7.795   0.022   0.793   0.056   21.951   1.905   0.2291   0.0288
3C133 177.726 -9.912   0.1008097   0.0010172   7.664   0.001   0.528   0.005   4.138   0.439   0.9387   0.1003   0.2132053   0.0014376   7.677   0.001   0.517   0.003   3.006   0.277   0.7843   0.0726
3C133 177.726 -9.912   0.0148658   0.0009655   7.936   0.023   1.222   0.037   6.731   3.061   0.5215   0.2401   0.033271   0.0013409   7.956   0.015   1.229   0.024   4.113   1.151   0.3978   0.1127
3C154 185.593 4.003   0.0265805   0.0006379   -2.325   0.016   0.744   0.032   1.488   1.949   0.1255   0.1645   0.0429083   0.0006166   -2.342   0.008   0.712   0.016   2.419   0.735   0.1748   0.0533
3C154 185.593 4.003   0.0099863   0.0005683   -1.387   0.044   0.833   0.094   2.969   5.086   0.1053   0.1808   0.0180561   0.0004957   -1.341   0.022   0.937   0.05   4.553   1.798   0.1822   0.0728
3C154 185.593 4.003   0.0037664   0.0004663   2.228   0.068   1.137   0.167   0.305   7.392   0.0056   0.135   0.0053754   0.0003718   2.193   0.052   1.57   0.131   1.62   8.557   0.0324   0.171
3C167 207.312 1.153   0.010625   0.0019443   18.456   0.123   1.489   0.355   20.227   41.049   1.3649   2.8001   0.0089905   0.0018132   17.771   0.152   1.761   0.492   7.415   10.823   0.2777   0.4166
3C18 118.622 -52.727   0.0030647   0.0003111   -8.519   0.111   2.637   0.275   3.862   15.687   0.1331   0.5409   0.0060474   0.0003175   -8.339   0.047   2.614   0.141   9.279   6.107   0.3471   0.2299
3C18 118.622 -52.727   0.0055773   0.0004408   -7.822   0.023   0.673   0.066   3.826   3.736   0.0612   0.0603   0.0078518   0.0004493   -7.853   0.015   0.6   0.043   4.705   1.6   0.0524   0.0185
3C207 212.968 30.139   0.0150491   0.0002078   4.547   0.005   0.76   0.012   1.254   1.695   0.0611   0.0827   0.0266106   0.0002154   4.547   0.003   0.773   0.007   1.717   0.46   0.0836   0.0224
3C409 63.398 -6.122   0.0058434   0.001103   14.587   0.271   1.679   0.351   7.858   7.423   0.3288   0.3242   0.0055133   0.0014685   14.681   0.333   1.522   0.396   13.133   15.39   0.2608   0.3207
3C409 63.398 -6.122   0.0204201   0.0024847   15.399   0.01   0.894   0.052   1.627   2.391   0.1267   0.187   0.0275397   0.0032004   15.416   0.009   0.855   0.042   1.859   0.988   0.1036   0.0566
3C410 69.209 -3.768   0.0043856   0.0005951   6.324   0.039   1.893   0.148   14.082   11.734   0.4985   0.4226   0.0079165   0.0005262   6.376   0.023   2.317   0.091   6.06   5.303   0.2631   0.2311
3C410 69.209 -3.768   0.0088987   0.0005971   6.214   0.011   0.654   0.041   8.414   2.457   0.2088   0.0639   0.0192864   0.0005297   6.262   0.005   0.805   0.02   3.308   1.286   0.1216   0.0475
3C410 69.209 -3.768   0.0043514   0.0002598   10.703   0.033   0.708   0.071   11.046   5.937   0.1451   0.0798   0.0084966   0.0002377   10.714   0.021   0.81   0.043   3.886   3.079   0.0633   0.0503
3C410 69.209 -3.768   0.0053834   0.0002342   11.671   0.029   0.844   0.068   5.59   4.728   0.1083   0.0921   0.0114852   0.000236   11.678   0.016   0.818   0.032   2.592   2.995   0.0576   0.0666
3C454.3 86.111 -38.183   0.0022914   9.79e-05   -9.667   0.03   1.601   0.092   -1.492   13.316   -0.0233   0.2083   0.0043684   0.0001094   -9.539   0.014   1.245   0.04   9.417   6.156   0.1212   0.0794
3C75 170.256 -44.911   0.0070826   0.000512   -10.359   0.043   1.297   0.119   0.733   5.545   0.0287   0.2171   0.0140261   0.0008482   -10.36   0.034   1.223   0.093   1.493   1.796   0.0606   0.0731
4C13.67 43.497 9.154   0.046441   0.0043084   4.852   0.048   1.104   0.125   3.851   5.309   0.8417   1.1667   0.05669   0.0056558   4.89   0.052   1.117   0.136   9.593   2.109   1.4378   0.3886
4C22.12 188.052 0.047   0.0058134   0.001049   -2.838   0.07   0.788   0.187   -3.027   10.945   -0.0591   0.2144   0.0101644   0.0010812   -2.73   0.045   0.779   0.119   4.824   2.304   0.0904   0.0463
4C22.12 188.052 0.047   0.0172051   0.0012084   -1.78   0.02   0.558   0.05   1.609   2.253   0.0659   0.0926   0.0354265   0.0012642   -1.782   0.011   0.539   0.026   3.097   0.777   0.14   0.0362
G196.6+0.2 196.64 0.168   0.0044413   0.0005142   3.261   0.108   1.944   0.27   7.727   12.047   0.2845   0.4465   0.0062488   0.0004723   3.404   0.085   2.375   0.218   4.058   10.092   0.1425   0.3548
G197.0+1.1 196.983 1.103   0.0125688   0.0005247   4.833   0.038   1.881   0.092   8.04   3.831   0.8103   0.3896   0.0191012   0.0009523   4.729   0.04   1.648   0.096   4.24   2.151   0.3158   0.162
G197.0+1.1 196.983 1.103   0.0058516   0.0008772   7.455   0.048   0.649   0.113   3.549   9.112   0.0574   0.1481   0.0077736   0.001488   7.336   0.061   0.653   0.145   0.716   5.895   0.0086   0.0709
G197.0+1.1 196.983 1.103   0.0048967   0.0005192   17.006   0.121   2.468   0.275   14.101   9.768   0.7266   0.5156   0.0080833   0.0034359   16.26   0.166   0.91   0.3   5.728   2.854   0.0997   0.0731
G197.0+1.1 196.983 1.103   0.0051847   0.0014687   17.594   0.033   0.247   0.085   11.401   2.322   0.0621   0.0304   0.0127366   0.0012947   17.381   0.198   1.457   0.35   4.785   4.457   0.2102   0.2033
G197.0+1.1 196.983 1.103   0.0237429   0.0009512   32.01   0.011   0.568   0.026   5.203   2.029   0.2992   0.1181   0.0429772   0.0016807   32.011   0.01   0.542   0.024   3.566   1.048   0.1967   0.059
P0428+20 176.808 -18.557   0.0014407   0.0002275   3.599   0.077   1.012   0.191   5.791   12.109   0.036   0.0758   0.0029189   0.0003027   3.542   0.035   0.689   0.084   3.863   10.103   0.0184   0.0482
P0428+20 176.808 -18.557   0.0075434   0.0002204   10.703   0.015   1.092   0.038   12.189   3.408   0.4281   0.1213   0.0135855   0.0002436   10.703   0.009   1.099   0.023   12.473   1.612   0.4405   0.0583
T0526+24 181.355 -5.193   0.0171883   0.0072886   7.552   0.294   1.901   1.129   13.529   15.629   1.8855   2.5763   0.0430214   0.0101817   7.556   0.139   2.434   0.747   11.333   8.721   2.808   2.4195
T0629+10 201.532 0.508   0.0042671   0.0021675   0.16   0.0   0.653   0.404   2.533   2.748   0.0301   0.0406   0.0102613   0.0035303   0.35   0.0   1.176   0.413   3.089   1.934   0.0882   0.0702
T0629+10 201.532 0.508   0.038678   0.0073912   3.141   0.126   1.1   0.0   3.552   0.43   0.6444   0.1457   0.0576897   0.0113433   3.068   0.139   1.1   0.0   4.378   0.552   0.6574   0.1536
T0629+10 201.532 0.508   0.0169172   0.0015347   1.457   0.075   1.391   0.255   1.496   2.153   0.1501   0.2181   0.0280915   0.0029151   1.514   0.081   1.235   0.246   2.733   0.912   0.2243   0.0902
T0629+10 201.532 0.508   0.1607035   0.0103952   3.604   0.008   0.606   0.024   3.618   0.351   1.5024   0.1852   0.2535846   0.015381   3.603   0.01   0.651   0.027   4.56   0.644   1.7802   0.2833
T0629+10 201.532 0.508   0.0810913   0.0020226   4.624   0.01   0.757   0.03   6.153   0.943   1.6101   0.2583   0.1553351   0.0036969   4.613   0.009   0.669   0.025   6.462   1.014   1.5881   0.259
T0629+10 201.532 0.508   0.0747441   0.0017981   6.089   0.017   1.062   0.053   5.143   1.552   1.7401   0.5338   0.1164905   0.0030141   6.056   0.021   1.167   0.065   6.357   1.67   2.0445   0.5514
T0629+10 201.532 0.508   0.0366507   0.0030891   6.995   0.021   0.487   0.056   4.011   0.689   0.3055   0.0682   0.0631214   0.0055893   7.003   0.021   0.501   0.058   4.044   0.296   0.3025   0.0491
T0629+10 201.532 0.508   0.0174126   0.0017846   7.905   0.049   0.829   0.13   2.729   1.698   0.1679   0.1091   0.0306843   0.003026   7.908   0.047   0.821   0.125   3.486   1.21   0.2077   0.0814
