#       src		l		   b	   	N(OH)1667[e14]	NOH_err
==================================================================================
0 	3C18 		118.622 	-52.727 	0.398 	0.22794385
1 	3C123 		170.581 	-11.661 	3.4854 	0.527911
2 	3C409 		63.398 		-6.122 		0.1902 	0.24647617
3 	P0428+20 	176.808 	-18.557 	0.4704 	0.07555958
4 	3C410 		69.209 		-3.768 		0.5503 	0.24818408
5 	3C154 		185.593 	4.003 		0.3749 	0.19592746
6 	3C454.3 	86.111 		-38.183 	0.1047 	0.0781
7 	4C22.12 	188.052 	0.047 		0.2969 	0.06048446
8 	G197.0+1.1 	196.983 	1.103 		0.9472 	0.28645631
9 	G196.6+0.2 	196.64 		0.168 		0.3108 	0.3043
10 	3C167 		207.312 	1.153 		0.1719 	0.3633
11 	T0629+10 	201.532 	0.508 		7.1103 	0.70814535
12 	3C207 		212.968 	30.139 		0.1207 	0.0227
13 	T0526+24 	181.355 	-5.193 		2.524 	2.101
14 	3C105 		187.633 	-33.609 	0.4129 	0.09861247
15 	3C75 		170.256 	-44.911 	0.1424 	0.0648
16 	3C109 		181.828 	-27.777 	0.3305 	0.08754542
17 	3C133 		177.726 	-9.912 		1.2506 	0.12029597
18 	3C132 		178.86 		-12.522 	0.246 	0.0318
19 	3C131 		171.437 	-7.797 		1.3607 	0.08086062
20 	4C13.67 	43.497 		9.154 		1.5494 	0.402
