#       src	l		   b	   	N(OH)1667[e14]	NOH_err
==================================================================================
0	3C18		118.622	-52.727	0.3995	0.23064314
1	3C123		170.581	-11.661	3.7008	0.54940798
2	3C409		63.398	-6.122	0.3644	0.32565634
3	P0428+20	176.808	-18.557	0.4589	0.07564476
4	3C410		69.209	-3.768	0.5056	0.25025809
5	3C154		185.593	4.003	0.3894	0.19334355
6	3C454.3		86.111	-38.183	0.1212	0.0794
7	4C22.12		188.052	0.047	0.2304	0.05877185
8	G197.0+1.1	196.983	1.103	0.831	0.28535296
9	G196.6+0.2	196.64	0.168	0.1425	0.3548
10	3C167		207.312	1.153	0.2777	0.4166
11	T0629+10	201.532	0.508	6.8929	0.70503593
12	3C207		212.968	30.139	0.0836	0.0224
13	T0526+24	181.355	-5.193	2.808	2.4195
14	3C105		187.633	-33.609	0.4609	0.10213658
15	3C75		170.256	-44.911	0.0606	0.0731
16	3C109		181.828	-27.777	0.1552	0.08045253
17	3C133		177.726	-9.912	1.1821	0.13405987
18	3C132		178.86	-12.522	0.2291	0.0288
19	3C131		171.437	-7.797	1.4066	0.0805987
20	4C13.67		43.497	9.154	1.4378	0.3886
