#       src	l		   b	   	N(OH)1667[e14]	NOH_err
==================================================================================
0 	3C18 	 118.622 	-52.727 	0.3377 	0.39320127
1 	3C123 	 170.581 	-11.661 	3.3523 	0.83270589
2 	3C409 	 63.398 	-6.122 		0.1861 	1.15130021
3 	P0428+20 176.808 	-18.557 	0.4437 	0.28226585
4 	3C410 	 69.209 	-3.768 		0.4367 	0.40308107
5 	3C154 	 185.593 	4.003 		0.4108 	0.52304998
6 	3C454.3  86.111 	-38.183 	0.1184 	0.2633
7 	4C22.12  188.052 	0.047 		0.3052 	0.27085481
8 	G197.0+1.1 196.983 	1.103 		1.0385 	0.49824764
9 	G196.6+0.2 196.64 	0.168 		0.3403 	0.5937
10 	3C167 	   207.312 	1.153 		0.324 	1.0016
11 	T0629+10   201.532 	0.508 		3.0159 	3.89766936
12 	3C207 	   212.968 	30.139 		0.1274 	0.062
13 	T0526+24   181.355 	-5.193 		1.7035 	1.1452
14 	3C105 	   187.633 	-33.609 	0.4397 	0.25534175
15 	3C75 	   170.256 	-44.911 	0.1641 	0.2132
16 	3C109 	   181.828 	-27.777 	0.4029 	0.46752198
17 	3C133 	   177.726 	-9.912 		0.9393 	1.37376494
18 	3C132 	   178.86 	-12.522 	0.2498 	0.1843
19 	3C131 	   171.437 	-7.797 		1.8326 	0.5311722
20 	4C13.67    43.497 	9.154 		2.0444 	0.5568
