#       src		l		   b	   	N(OH)1667[e14]	NOH_err
==================================================================================
0 	3C18 		118.62155151 	-52.72653198 	0.20725168 	0.12496967
1 	3C123 		170.58143616 	-11.66072178 	5.85383751 	0.41048968
2 	3C409 		63.39829636 	-6.12196684 	0.47305 	0.19661759
3 	P0428+20 	176.80815125 	-18.55681801 	0.31536067 	0.06359656
4 	3C410 		69.20879364 	-3.76806855 	0.66053632 	0.22483537
5 	3C154 		185.59321594 	4.00309324 	0.36851354 	0.13783623
6 	3C454.3 	86.11081696 	-38.18308258 	0.01351426 	0.10416127
7 	4C22.12 	188.05236816 	0.04705127 	0.1647772 	0.0711313
8 	G197.0+1.1 	196.98291016 	1.10338318 	1.42152413 	0.29026842
9 	G196.6+0.2 	196.64035034 	0.16761658 	0.21071772 	0.13953551
10 	3C167 		207.31192017 	1.15291512 	0.49802644 	0.16103408
11 	T0629+10 	201.53152466 	0.50787795 	5.60874344 	0.38795137
12 	3C207 		212.96810913 	30.13895988 	0.10465698 	0.04139528
13 	T0526+24 	181.3551178 	-5.19333172 	0.95435 	0.69939143
14 	3C105 		187.6325531 	-33.60902786 	0.41909982 	0.085367
15 	3C75 		170.25561523 	-44.9111557 	0.07600501 	0.10892525
16 	3C109 		181.82789612 	-27.77688026 	0.22397702 	0.08726758
17 	3C133 		177.72573853 	-9.91240788 	1.23891333 	0.13208575
18 	3C132 		178.85980225 	-12.52188396 	0.11107651 	0.03733192
19 	3C131 		171.43682861 	-7.79669476 	1.34282358 	0.21422072
20 	4C13.67 	43.49685287 	9.15430737 	1.10046644 	0.26990146
