#       src		l		   b	   	N(OH)1667[e14]	NOH_err
==================================================================================
0 	3C18 		118.62155151 	-52.72653198 	0.27650996 	0.11595127
1 	3C123 		170.58143616 	-11.66072178 	6.6789012 	0.31240607
2 	3C409 		63.39829636 	-6.12196684 	0.33697323 	0.16914622
3 	P0428+20 	176.80815125 	-18.55681801 	0.29741091 	0.03818345
4 	3C410 		69.20879364 	-3.76806855 	0.48319722 	0.12596752
5 	3C154 		185.59321594 	4.00309324 	0.41703565 	0.09722748
6 	3C454.3 	86.11081696 	-38.18308258 	0.08132068 	0.03975414
7 	4C22.12 	188.05236816 	0.04705127 	0.2300518 	0.03278334
8 	G197.0+1.1 	196.98291016 	1.10338318 	0.61503799 	0.20823719
9 	G196.6+0.2 	196.64035034 	0.16761658 	0.17709656 	0.10894695
10 	3C167 		207.31192017 	1.15291512 	0.18390329 	0.09822872
11 	T0629+10 	201.53152466 	0.50787795 	5.8141805 	0.39570592
12 	3C207 		212.96810913 	30.13895988 	0.1156735 	0.01129381
13 	T0526+24 	181.3551178 	-5.19333172 	1.77349833 	0.72814922
14 	3C105 		187.6325531 	-33.60902786 	0.35882968 	0.05150497
15 	3C75 		170.25561523 	-44.9111557 	0.09415535 	0.03755994
16 	3C109 		181.82789612 	-27.77688026 	0.10840436 	0.04095505
17 	3C133 		177.72573853 	-9.91240788 	1.18869489 	0.06871
18 	3C132 		178.85980225 	-12.52188396 	0.1317502 	0.0155813
19 	3C131 		171.43682861 	-7.79669476 	1.07124795 	0.04262024
20 	4C13.67 	43.49685287 	9.15430737 	1.02945695 	0.22622676
