21-Sponge prior, NSIDE = 2048, resolution = 1.7', beam = 3.5', dbeam = offset = 3.5/60./2., fukui_cf  = 2.10e26, fk_fact_err = 0.0 #unknown
#  src		nhi_f	er	nh	er	nhi   	er	WNM	CNM	fk/hl	pl/hl	OH    Nhi_thin
		[1e20]	[1e20]	[1e20]	[1e20]	[1e20]	[1e20]	[1e20]	[1e20]			      [1e20]
=======================================================================================================================
0  3C18		22.4907	0.252	16.2271	4.1836	5.99	0.95	0.75	5.24	3.75	2.71	1	5.1766
1  3C33		4.4607	0.0539	3.2184	0.8299	2.78	0.04	1.14	1.64	1.6	1.16	0	2.8239
2  3C64		13.0108	0.209	9.3873	2.4226	6.33	0.18	3.42	2.91	2.06	1.48	0	6.0738
3  3C78		24.3139	0.276	17.5425	4.5229	13.74	1.93	9.93	3.81	1.77	1.28	0	11.0369
4  3C98		27.9333	0.2497	20.1539	5.1943	11.02	0.41	4.92	6.1	2.53	1.83	0	9.9114
5  3C109	75.7634	0.7772	54.6634	14.0911	20.82	1.0	5.31	15.51	3.64	2.63	1	13.9742
6  3C120	51.9196	0.5914	37.46	9.6582	22.22	2.26	11.36	10.86	2.34	1.69	0	11.7434
7  3C132	65.5281	0.5201	47.2786	12.1836	23.81	1.28	16.16	7.65	2.75	1.99	1	20.0221
8  3C138	44.0095	0.4749	31.7529	8.186	26.43	2.89	20.42	6.01	1.67	1.2	0	21.7788
9  3C142.1	43.1566	0.3959	31.1375	8.0254	21.96	2.3	13.86	8.1	1.97	1.42	0	17.226
10  P0531+19	45.3724	0.375	32.7362	8.4364	23.84	0.65	14.3	9.54	1.9	1.37	1	22.2656
11  3C192	8.3707	0.0826	6.0395	1.5568	3.97	0.04	3.5	0.47	2.11	1.52	0	3.9596
12  3C237	4.3308	0.0504	3.1247	0.8057	2.6	0.23	2.43	0.17	1.67	1.2	0	2.614
13  3C245	4.9172	0.0448	3.5477	0.9144	2.03	0.03	1.55	0.48	2.42	1.75	0	2.1298
14  P1055+20	2.4001	0.0368	1.7317	0.4468	1.57	0.04	1.21	0.36	1.53	1.1	0	1.5733
15  3C273	2.7393	0.0708	1.9764	0.5116	2.37	0.19	2.32	0.05	1.16	0.83	0	2.5482
16  3C274.1	5.0958	0.0603	3.6766	0.948	2.36	0.04	2.06	0.3	2.16	1.56	0	2.286
17  3C310	7.2631	0.1049	5.2403	1.3519	3.71	0.1	2.6	1.11	1.96	1.41	0	3.4816
18  3C315	7.8857	0.0735	5.6895	1.4664	4.77	0.38	2.55	2.22	1.65	1.19	0	4.1126
19  3C318	9.5507	0.1129	6.8908	1.7768	4.75	0.15	3.0	1.75	2.01	1.45	0	4.2153
20  3C333	11.7743	0.1559	8.4952	2.191	5.09	0.33	3.99	1.1	2.31	1.67	0	4.5142
21  3C348	12.5397	0.1098	9.0474	2.3317	5.69	0.16	4.14	1.55	2.2	1.59	0	5.2943
22  4C13.65	23.1506	0.2171	16.7032	4.3052	9.16	0.14	7.71	1.45	2.53	1.82	0	8.6619
23  3C409	93.4988	0.9343	67.4595	17.389	31.69	3.53	26.36	5.33	2.95	2.13	1	28.3785
24  3C433	17.3748	0.1559	12.5359	3.2309	10.38	2.1	9.23	1.15	1.67	1.21	0	9.8922
25  3C454.0	8.3746	0.0878	6.0423	1.5576	5.38	0.11	4.13	1.25	1.56	1.12	0	5.2829
