#   src           tboff        tbg21(from Haslam) tau        Tspin   Tspin(cal)   ratio
=======================================================================================
0   3C18         4.40984313506   3.50264313506   000.0040   180.0000 230.7565   1.28198080853
1   3C18         24.5572431351   3.50264313506   000.6690   034.2500 046.6668   1.36253496335
2   3C18         28.4506431351   3.50264313506   000.0770   267.8000 340.1367   1.27011467632
3   3C18         13.6960431351   3.50264313506   000.1810   048.7500 065.0701   1.33477203635
4   3C33-1       5.60182810153   3.49762810153   000.0020   830.0000 1056.6501   1.2730723841
5   3C33-1       16.6142281015   3.49762810153   000.0340   309.6300 395.8754   1.27854356499
6   3C33-2       6.4301686906   3.4691686906   000.0110   210.0000 274.1342   1.3054009577
7   3C33-2       16.3211686906   3.4691686906   000.0590   177.8500 227.7889   1.2807920298
8   3C33         3.98217976949   3.50337976949   000.0030   150.0000 163.3429   1.08895266313
9   3C33         6.31317976949   3.50337976949   000.0060   400.0000 473.2097   1.18302421167
10   3C33         15.2843797695   3.50337976949   000.0250   379.1000 480.6584   1.26789349318
11   3C64         32.0193100277   3.60631002768   000.2900   089.7000 116.4744   1.298487838
12   3C64         17.0883100277   3.60631002768   000.0120   890.0000 1133.8608   1.27400088988
13   3C64         8.28091002768   3.60631002768   000.0860   045.2300 060.3329   1.33391379952
14   3C75-1       26.2453349312   3.46453493116   000.7290   034.9200 047.4761   1.35956890991
15   3C75-1       17.9293349312   3.46453493116   000.0160   720.0000 914.7662   1.27050864062
16   3C75-1       5.10253493116   3.46453493116   000.0820   016.4500 024.2703   1.47540039107
17   3C75-1       16.0771349312   3.46453493116   000.1270   084.0100 109.2161   1.30003682224
18   3C75-1       23.5489349312   3.46453493116   000.0400   400.0000 515.6837   1.28920920286
19   3C75-2       25.1906512519   3.46825125188   000.6470   036.2100 049.0666   1.35505644877
20   3C75-2       17.0006512519   3.46825125188   000.0320   340.0000 433.1580   1.27399422658
21   3C75-2       7.31125125188   3.46825125188   000.0940   034.0600 046.3028   1.35944888558
22   3C75-2       16.2446512519   3.46825125188   000.1390   078.0000 101.9209   1.30667876513
23   3C75-2       24.8630512519   3.46825125188   000.0220   760.0000 986.6958   1.29828392609
24   3C75         26.0563349312   3.46453493116   000.6820   036.2600 049.1604   1.35577397252
25   3C75         15.5101349312   3.46453493116   000.0090   1010.0000 1347.8964   1.33455086051
26   3C75         7.66033493116   3.46453493116   000.0950   036.8900 049.7620   1.34892823192
27   3C75         17.3497349312   3.46453493116   000.1130   103.5700 133.4157   1.28816969701
28   3C75         21.2179349312   3.46453493116   000.0100   1400.0000 1787.6960   1.27692573529
29   3C78         17.8132408872   3.43664088717   000.0230   508.0700 635.7221   1.25124896375
30   3C78         12.0172408872   3.43664088717   000.1160   062.0700 081.7806   1.31755369335
31   3C78         12.0172408872   3.43664088717   000.1530   047.8900 063.9187   1.33469730254
32   3C78         39.0190408872   3.43664088717   001.1080   042.1700 056.5620   1.34128633458
33   3C78         27.4270408872   3.43664088717   000.0110   1730.0000 2196.3993   1.26959496335
34   3C78         8.84204088717   3.43664088717   000.0820   054.3800 072.0958   1.32577759918
35   3C79         6.75489490032   3.60489490032   000.3420   008.6400 014.4800   1.67592843688
36   3C79         5.55789490032   3.60489490032   000.0820   019.5500 028.4118   1.45328962024
37   3C79         13.7856949003   3.60489490032   000.0110   730.0000 934.2319   1.27976972604
38   3C79         12.3366949003   3.60489490032   000.1390   053.2500 070.8906   1.33127907477
39   3C79         30.4932949003   3.60489490032   000.1480   155.6100 199.0590   1.27921711893
40   3C79         5.82249490032   3.60489490032   000.0480   037.7800 050.9226   1.34787096241
41   3C93.1       5.86732436899   3.70012436899   000.0000   5170.0000 00000inf   inf
42   3C93.1       9.06772436899   3.70012436899   000.0100   410.0000 543.1484   1.32475218869
43   3C93.1       28.786724369   3.70012436899   000.8600   034.5000 047.1900   1.36782561968
44   3C93.1       45.128924369   3.70012436899   000.0440   740.0000 966.1301   1.3055811641
45   3C93.1       29.404124369   3.70012436899   001.2430   028.6700 039.8275   1.38916984604
46   3C98-1       5.48651311203   3.40751311203   000.0810   021.2800 030.1277   1.41577591609
47   3C98-1       24.386513112   3.40751311203   000.0220   770.0000 967.5264   1.25652777064
48   3C98-1       13.210313112   3.40751311203   000.2090   041.2400 055.3829   1.3429405996
49   3C98-1       47.973713112   3.40751311203   000.3680   114.8500 148.1580   1.29001340398
50   3C98-1       10.891913112   3.40751311203   000.0280   215.8700 274.4672   1.2714465951
51   3C98-2       9.79077707027   3.42777707027   000.0900   058.8200 077.3570   1.31514779206
52   3C98-2       28.8545770703   3.42777707027   000.0110   1860.0000 2327.6918   1.25144718153
53   3C98-2       9.05997707027   3.42777707027   000.2030   024.4000 034.0839   1.39688185787
54   3C98-2       49.3421770703   3.42777707027   000.4520   100.2300 129.6891   1.29391489651
55   3C98-2       10.6601770703   3.42777707027   000.0350   165.9300 213.7051   1.2879230467
56   3C98         5.2806864751   3.4158864751   000.0920   016.8200 024.6321   1.46445579525
57   3C98         24.8358864751   3.4158864751   000.0210   800.0000 1034.1634   1.292704214
58   3C98         12.3492864751   3.4158864751   000.2970   027.5900 038.1822   1.38391270868
59   3C98         52.2030864751   3.4158864751   000.5080   097.2700 125.9038   1.29437419227
60   3C98         10.1316864751   3.4158864751   000.0410   134.1100 170.5967   1.27206570339
61   3C105        9.15500297485   3.43460297485   000.0570   081.3500 106.6799   1.31136899988
62   3C105        12.0656029749   3.43460297485   000.0190   370.0000 462.0269   1.24872142307
63   3C105        35.7284029749   3.43460297485   002.1030   029.2000 040.2195   1.37737844739
64   3C105        34.7582029749   3.43460297485   000.1690   159.9300 204.8841   1.2810859713
65   3C105        45.0902029749   3.43460297485   002.8830   035.0200 047.5597   1.35807359202
66   3C109        16.5659700003   3.5753700003   000.0410   250.0000 326.9590   1.30783582298
67   3C109        14.3105700003   3.5753700003   000.0030   3020.0000 3587.3457   1.18786279927
68   3C109        31.7111700003   3.5753700003   000.3810   070.4900 092.3817   1.31056422122
69   3C109        82.6151700003   3.5753700003   001.9790   072.7900 095.2909   1.30912127969
70   3C109        38.6033700003   3.5753700003   000.3440   095.4100 123.9171   1.29878537402
71   3C120        6.23467927228   3.52567927228   000.0070   290.0000 391.8818   1.35131641214
72   3C120        11.0730792723   3.52567927228   000.0010   4130.0000 7554.7000   1.82922518359
73   3C120        27.8688792723   3.52567927228   000.7360   037.0800 050.2520   1.35523249066
74   3C120        46.7940792723   3.52567927228   001.6660   042.3400 056.8777   1.34335600478
75   3C120        55.5636792723   3.52567927228   000.1030   400.0000 535.2146   1.33803640197
76   3C120        29.5446792723   3.52567927228   000.6340   043.9600 058.9402   1.34076796916
77   3C123        5.06948059748   4.35128059748   000.0320   017.7900 027.1560   1.52647812056
78   3C123        9.16448059748   4.35128059748   000.0030   1270.0000 1611.1591   1.26862919992
79   3C123        4.57808059748   4.35128059748   000.0080   022.1500 032.8148   1.48148224819
80   3C123        7.51388059748   4.35128059748   000.0630   040.9300 056.1492   1.37183442827
81   3C123        17.0898805975   4.35128059748   000.0020   5170.0000 6380.0227   1.23404694462
82   3C123        21.3612805975   4.35128059748   001.6060   016.8800 025.6321   1.51848948308
83   3C123        106.360880597   4.35128059748   000.5960   180.3600 231.5499   1.28382047535
84   3C123        115.470680597   4.35128059748   000.3040   290.0000 428.2460   1.4767104177
85   3C123        4.35128059748   4.35128059748   000.0070   000.0000 004.3513   inf
86   3C131        17.6470565158   4.07685651582   000.1350   080.0000 111.5346   1.39418218643
87   3C131        15.6814565158   4.07685651582   000.0340   270.0000 351.2238   1.30082888996
88   3C131        30.9904565158   4.07685651582   000.3210   077.7900 102.0954   1.31244829167
89   3C131        35.6524565158   4.07685651582   000.0400   620.0000 809.3599   1.30541920276
90   3C131        53.5948565158   4.07685651582   002.1520   044.4700 060.1086   1.35166696333
91   3C132        10.6912854151   3.73608541505   000.0050   1100.0000 1398.2566   1.27114234856
92   3C132        15.1264854151   3.73608541505   000.3510   030.5200 042.2151   1.38319313742
93   3C132        53.8210854151   3.73608541505   000.0200   2000.0000 2533.1121   1.26655602993
94   3C132        58.8610854151   3.73608541505   001.5420   055.6600 073.8655   1.3270833451
95   3C132        28.5328854151   3.73608541505   000.2600   085.8600 112.0435   1.30495519174
96   3C133        19.9719088977   3.8061088977   000.0600   219.2700 281.3998   1.28334853399
97   3C133        5.2677088977   3.8061088977   000.0640   018.7900 027.3822   1.45727533611
98   3C133        15.2217088977   3.8061088977   000.0200   460.0000 580.3129   1.2615498582
99   3C133        23.1471088977   3.8061088977   000.2620   066.6000 087.7190   1.31710233871
100   3C133        36.5409088977   3.8061088977   000.8910   044.0400 059.3119   1.34677334723
101   3C133        61.2873088977   3.8061088977   000.0150   3000.0000 3864.6986   1.28823285338
102   3C133        41.8329088977   3.8061088977   001.5320   038.5000 052.3161   1.35885857725
103   3C138        8.63727054622   3.87447054622   000.0380   101.5200 131.6078   1.29637307416
104   3C138        10.4264705462   3.87447054622   000.0040   1260.0000 1645.1527   1.30567670996
105   3C138        18.7676705462   3.87447054622   000.2470   054.0300 071.9237   1.33118021963
106   3C138        14.5592705462   3.87447054622   000.1760   052.6200 070.0826   1.33186223889
107   3C138        31.5188705462   3.87447054622   000.0600   379.1200 478.5749   1.26233088271
108   3C138        36.6218705462   3.87447054622   001.0460   040.0700 054.3592   1.35660558206
109   3C138        29.2886705462   3.87447054622   000.0140   1470.0000 1831.9112   1.24619810908
110   3C138        23.6564705462   3.87447054622   000.4060   047.0200 063.1571   1.34319583035
111   3C141.0      77.7953993767   4.26179937668   000.2600   255.0000 325.4416   1.27624146543
112   3C141.0      8.38199937668   4.26179937668   000.0150   220.0000 281.0070   1.27730477094
113   3C141.0      147.196199377   4.26179937668   000.1010   1120.0000 1492.1239   1.33225348687
114   3C141.0      30.3815993767   4.26179937668   000.8750   035.5500 049.0536   1.37984809401
115   3C142.1      15.2952746037   3.82927460366   000.0050   2000.0000 2302.7671   1.15138352605
116   3C142.1      4.96327460366   3.82927460366   000.1010   009.3700 015.6335   1.66846747637
117   3C142.1      59.4078746037   3.82927460366   002.3620   048.6900 065.1900   1.33887844261
118   3C142.1      53.1582746037   3.82927460366   000.0280   1400.0000 1790.3589   1.27882776721
119   3C142.1      9.14647460366   3.82927460366   000.2030   023.0300 032.7709   1.42296420468
120   3C142.1      15.8118746037   3.82927460366   000.0830   119.0800 154.2721   1.29553341819
121   3C154        18.4870166511   3.85841665108   000.0680   176.6000 226.3821   1.2818917115
122   3C154        35.1190166511   3.85841665108   000.7090   048.8500 065.4115   1.33902804949
123   3C154        11.4814166511   3.85841665108   000.2920   023.8700 033.9613   1.4227612472
124   3C154        98.6608166511   3.85841665108   000.0410   1830.0000 2363.8372   1.2917143029
125   3C154        42.7042166511   3.85841665108   000.9190   051.2800 068.4848   1.33550795133
126   3C154        28.6804166511   3.85841665108   000.4790   051.7800 069.0769   1.33404633337
127   3C154        17.5042166511   3.85841665108   000.4130   031.9800 044.1903   1.38181075227
128   3C167        34.1972484063   4.32264840632   000.0490   480.0000 629.0676   1.31055759533
129   3C167        52.4168484063   4.32264840632   000.2520   171.2300 220.2287   1.28615697751
130   3C167        45.1088484063   4.32264840632   000.2020   160.0000 227.3137   1.42071081772
131   3C167        67.9526484063   4.32264840632   000.9410   082.8500 108.6747   1.31170472022
132   3C167        15.1586484063   4.32264840632   000.3860   026.8700 038.1609   1.42020404775
133   3C172.0      6.0648609742   3.6708609742   000.0020   980.0000 1201.8683   1.22639618365
134   3C172.0      7.8918609742   3.6708609742   000.0590   058.8600 077.3445   1.31404155456
135   3C172.0      20.7816609742   3.6708609742   000.0140   1000.0000 1234.4462   1.23444622351
136   3C172.0      4.9182609742   3.6708609742   000.0310   032.5400 044.5365   1.36866911647
137   3C190.0      11.7309783754   3.40237837541   000.0060   1150.0000 1395.6708   1.21362681972
138   3C190.0      5.51917837541   3.40237837541   000.0020   840.0000 1062.8611   1.26531087045
139   3C192        6.61620741844   3.41580741844   000.0030   840.0000 1071.8168   1.2759723899
140   3C192        12.9162074184   3.41580741844   000.0070   1150.0000 1365.3715   1.1872796081
141   3C192        10.2072074184   3.41580741844   000.0680   082.1400 106.7235   1.29928802611
142   3C207        5.37039624203   3.27879624203   000.0050   330.0000 422.6455   1.28074384164
143   3C207        6.44139624203   3.27879624203   000.0630   040.0000 055.0767   1.37691746985
144   3C207        17.504196242   3.27879624203   000.0240   470.0000 603.1449   1.28328712078
145   3C207        10.158396242   3.27879624203   000.2500   024.6500 034.3802   1.39473315079
146   3C207        12.993396242   3.27879624203   000.0340   230.0000 293.8871   1.27777021662
147   3C207        9.61659624203   3.27879624203   000.2980   019.5300 027.8726   1.4271703903
148   3C208.0      4.19393110855   3.23633110855   000.0100   080.0000 099.4759   1.24344911384
149   3C208.0      7.50773110855   3.23633110855   000.0310   110.0000 143.1702   1.30154692869
150   3C208.0      6.22253110855   3.23633110855   000.0240   100.0000 129.1604   1.29160403451
151   3C208.0      9.70013110855   3.23633110855   000.0100   510.0000 652.8536   1.28010513255
152   3C208.0      10.9097311086   3.23633110855   000.0680   090.0000 119.9606   1.33289586672
153   3C208.1      4.04488655396   3.25108655396   000.0030   210.0000 268.2482   1.27737230954
154   3C208.1      6.67828655396   3.25108655396   000.0120   220.0000 290.5681   1.32076415339
155   3C208.1      8.82028655396   3.25108655396   000.0100   440.0000 562.9603   1.27945528988
156   3C208.1      7.11928655396   3.25108655396   000.0100   300.0000 392.0084   1.30669470016
157   3C208.1      11.428486554   3.25108655396   000.0190   350.0000 437.7422   1.25069202203
158   3C225a       8.73146587368   3.25046587368   000.0310   140.0000 182.8116   1.30579697507
159   3C225a       6.99266587368   3.25046587368   000.0420   070.0000 094.2347   1.34620947412
160   3C225a       4.68686587368   3.25046587368   000.0100   110.0000 147.6099   1.34190784429
161   3C225a       5.46806587368   3.25046587368   000.0100   170.0000 226.1211   1.33012419924
162   3C225a       10.0418658737   3.25046587368   000.0130   409.3900 529.0689   1.29233471218
163   3C225a       10.5332658737   3.25046587368   000.3130   021.5300 030.3492   1.40962599886
164   3C225b       3.9192303715   3.2514303715   000.0330   016.6400 023.8235   1.43170254955
165   3C225b       6.7668303715   3.2514303715   000.0470   061.1100 079.8186   1.30614700042
166   3C225b       5.5068303715   3.2514303715   000.0040   420.0000 568.2299   1.35292829088
167   3C225b       4.7760303715   3.2514303715   000.0270   045.4000 060.4838   1.33224289309
168   3C225b       5.7840303715   3.2514303715   000.0130   155.0800 199.3359   1.28537437857
169   3C225b       10.4712303715   3.2514303715   000.0020   2370.0000 3616.7625   1.52606014079
170   3C225b       14.8056303715   3.2514303715   000.7450   017.4400 025.2483   1.44772350109
171   3C228.0      4.53145535149   3.28405535149   000.0030   330.0000 419.7081   1.27184262788
172   3C228.0      10.2392553515   3.28405535149   000.0820   070.4300 091.6287   1.3009894849
173   3C228.0      11.3480553515   3.28405535149   000.0090   710.0000 903.3221   1.2722846526
174   3C228.0      4.78345535149   3.28405535149   000.0270   044.1600 059.5705   1.34896880194
175   3C234        4.87946117544   3.24146117544   000.0020   650.0000 823.0607   1.26624728335
176   3C234        4.86686117544   3.24146117544   000.0020   640.0000 816.7544   1.27617880012
177   3C236        3.55081763227   3.16021763227   000.0040   080.0000 101.0056   1.2625705979
178   3C236        5.08801763227   3.16021763227   000.0040   380.0000 486.0748   1.27914410587
179   3C237        8.33142208696   3.19062208696   000.0060   656.1400 862.5636   1.31460296962
180   3C237        4.94202208696   3.19062208696   000.0050   255.6000 354.3471   1.38633431861
181   3C237        8.82282208696   3.19062208696   000.3980   013.6100 020.3443   1.49480443447
182   3C237        3.54342208696   3.19062208696   000.0010   240.0000 356.1671   1.4840293812
183   3C237        3.75762208696   3.19062208696   000.0030   168.3700 192.4743   1.14316246265
184   3C245        7.98833915408   3.31373915408   000.0030   1240.0000 1563.8522   1.26117113533
185   3C245        8.85773915408   3.31373915408   000.0090   509.7200 622.0899   1.22045416532
186   3C263.1      4.45691650362   3.39851650362   000.0140   060.0000 079.5290   1.32548252166
187   3C263.1      4.68371650362   3.39851650362   000.0070   140.0000 187.6419   1.34029904431
188   3C263.1      4.64591650362   3.39851650362   000.0050   200.0000 253.5027   1.26751368127
189   3C263.1      4.58291650362   3.39851650362   000.0080   120.0000 152.0415   1.26701255086
190   3C264.0      4.41497221015   3.35657221015   000.0040   210.0000 268.4861   1.27850535719
191   3C264.0      5.39777221015   3.35657221015   000.0040   400.0000 514.6779   1.28669463152
192   3C267.0      7.11336460854   3.34596460854   000.0030   990.0000 1261.0306   1.27376828935
193   3C267.0      5.79036460854   3.34596460854   000.0030   650.0000 819.3688   1.26056734724
194   3C267.0      5.21076460854   3.34596460854   000.0050   290.0000 377.2391   1.30082462624
195   3C272.1      6.8501916387   3.2969916387   000.0290   098.8000 127.6063   1.29156190637
196   3C272.1      6.7241916387   3.2969916387   000.0030   900.0000 1147.4114   1.27490160938
197   3C272.1      4.5317916387   3.2969916387   000.0090   112.2200 141.1153   1.25748812812
198   3C272.1      7.3289916387   3.2969916387   000.0030   1060.0000 1349.3140   1.27293773551
199   3C272.1      4.8845916387   3.2969916387   000.0150   087.4800 109.9328   1.25666182134
200   3C273        5.72757948959   3.56037948959   000.0010   1600.0000 2171.8442   1.35740260006
201   3C273        4.58097948959   3.56037948959   000.0180   044.4300 060.7722   1.36781927484
202   3C273        8.24757948959   3.56037948959   000.0060   651.3100 787.1063   1.20849721805
203   3C273        3.56037948959   3.56037948959   000.0020   000.0000 003.5604   inf
204   3C273        4.36677948959   3.56037948959   000.0000   5700.0000 00000inf   inf
205   3C273        3.56037948959   3.56037948959   000.0030   000.0000 003.5604   inf
206   3C274.1      5.28001067703   3.36481067703   000.0030   500.0000 642.7229   1.28544577895
207   3C274.1      4.47361067703   3.36481067703   000.0090   096.6800 127.1200   1.31485356098
208   3C274.1      4.53661067703   3.36481067703   000.0030   280.0000 394.5510   1.40911072724
209   3C274.1      8.15281067703   3.36481067703   000.1020   039.1500 052.7407   1.34714375715
210   3C274.1      11.630410677   3.36481067703   000.0090   730.0000 925.9038   1.26836138338
211   3C286        5.67269798506   3.41729798506   000.0150   120.0000 154.9078   1.29089847687
212   3C286        4.87889798506   3.41729798506   000.0100   115.0000 150.3093   1.30703753029
213   3C293        4.15206587959   3.42126587959   000.0030   190.0000 247.3868   1.30203604516
214   3C293        4.99626587959   3.42126587959   000.0030   410.0000 529.2092   1.29075404788
215   3C293        4.76946587959   3.42126587959   000.0030   360.0000 453.4957   1.25971028592
216   3C310        5.19797046235   3.62297046235   000.0020   670.0000 791.9107   1.18195631785
217   3C310        26.2147704623   3.62297046235   000.6200   038.8100 052.5171   1.35318449404
218   3C310        15.6433704623   3.62297046235   000.0050   1900.0000 2413.7182   1.27037798893
219   3C310        7.22657046235   3.62297046235   000.0610   048.3600 064.5185   1.33412939335
220   3C315        33.9243797932   3.64657979324   000.7840   044.2300 059.3633   1.34215011616
221   3C315        6.21697979324   3.64657979324   000.0010   1380.0000 2575.3320   1.86618260434
222   3C315        19.3839797932   3.64657979324   000.0180   710.0000 885.8389   1.24766040249
223   3C315        14.1045797932   3.64657979324   000.1460   061.0000 080.6329   1.32185099342
224   3C318        4.55669885616   4.15349885616   000.0050   060.0000 084.9953   1.41658778093
225   3C318        5.32529885616   4.15349885616   000.0010   950.0000 1176.5395   1.2384626279
226   3C318        20.5964988562   4.15349885616   000.4820   034.1200 047.1470   1.38180023321
227   3C318        23.7464988562   4.15349885616   000.3000   060.0700 079.7491   1.32760264174
228   3C318        18.8198988562   4.15349885616   000.0120   1000.0000 1233.7014   1.23370136522
229   3C333        5.10432524121   4.19712524121   000.0000   1790.0000 00000inf   inf
230   3C333        9.03552524121   4.19712524121   000.0020   2050.0000 2425.8171   1.18332543007
231   3C333        25.6297252412   4.19712524121   000.9930   027.0100 038.2422   1.41585263878
232   3C333        25.5289252412   4.19712524121   000.0280   610.0000 776.7628   1.27338163736
233   3C348        7.62769731949   4.27609731949   000.2590   011.6500 018.9647   1.62787088525
234   3C348        23.6674973195   4.27609731949   000.0170   890.0000 1154.6699   1.29738186132
235   3C348        22.8736973195   4.27609731949   000.6040   032.5400 045.2961   1.39201175096
236   3C348        8.44669731949   4.27609731949   000.0010   3300.0000 4176.9617   1.26574598329
237   3C348        15.0238973195   4.27609731949   000.0780   113.2100 147.5122   1.30299583631
238   3C353        6.47499101597   4.30779101597   000.0060   292.4800 366.5925   1.25339330763
239   3C353        36.903991016   4.30779101597   001.2090   036.8900 050.7739   1.37636027002
240   3C353        40.368991016   4.30779101597   000.1950   161.3500 207.8532   1.28821348154
241   3C353        23.673991016   4.30779101597   000.8590   026.6600 037.9055   1.42181117572
242   3C353        13.543591016   4.30779101597   000.0050   1560.0000 1856.0895   1.18980098671
243   3C353        6.28599101597   4.30779101597   000.0400   039.8900 054.7585   1.37273714816
244   3C409        9.1231680761   5.5321680761   000.0030   980.0000 1204.3286   1.22890669982
245   3C409        20.5639680761   5.5321680761   000.4510   032.8500 046.9410   1.42895101254
246   3C409        20.4757680761   5.5321680761   000.3310   042.0800 058.5622   1.39168819998
247   3C409        63.0763680761   5.5321680761   000.0130   3460.0000 4460.8435   1.28926113599
248   3C409        33.7561680761   5.5321680761   000.8610   038.8000 054.4251   1.40270981952
249   3C409        18.6865680761   5.5321680761   000.4130   030.8500 044.4117   1.43960013965
250   3C409        19.9591680761   5.5321680761   000.0100   1180.0000 1455.4577   1.23343872081
251   3C409        31.5385680761   5.5321680761   000.7530   038.9900 054.6891   1.40264439705
252   3C409        12.0463680761   5.5321680761   000.0350   148.2800 194.9283   1.31459581493
253   3C410        13.0801053989   4.78930539888   000.0150   430.0000 561.6651   1.30619783456
254   3C410        5.16730539888   4.78930539888   000.0190   016.1100 024.8736   1.54398763112
255   3C410        15.4111053989   4.78930539888   000.0420   205.5300 263.0374   1.27980042138
256   3C410        15.1717053989   4.78930539888   000.0150   550.0000 702.1535   1.276642697
257   3C410        21.2449053989   4.78930539888   000.3690   042.3000 058.1171   1.37392653539
258   3C410        38.3935053989   4.78930539888   000.6540   055.5600 074.7925   1.34615693178
259   3C410        71.3677053989   4.78930539888   002.2140   059.3300 079.5346   1.3405457153
260   3C410        80.1625053989   4.78930539888   000.0350   1710.0000 2196.2157   1.28433668971
261   3C410        44.7817053989   4.78930539888   000.6880   063.7900 085.1890   1.33546016661
262   3C410        4.78930539888   4.78930539888   000.1180   000.0000 004.7893   inf
263   3C410        14.9197053989   4.78930539888   000.1030   082.3700 108.2948   1.3147364415
264   3C433        7.06293515581   3.71133515581   000.1620   017.8500 026.1213   1.46337539867
265   3C433        34.2663351558   3.71133515581   000.2580   106.6000 138.0753   1.29526522107
266   3C433        16.6389351558   3.71133515581   000.0070   1450.0000 1856.9827   1.28067770776
267   3C433        12.1659351558   3.71133515581   000.0760   092.2200 119.2369   1.29296153377
268   3C433        9.24273515581   3.71133515581   000.0530   085.0000 110.8675   1.30432355409
269   3C454.0      5.65206183349   3.52266183349   000.0040   420.0000 536.9381   1.27842398008
270   3C454.0      6.98766183349   3.52266183349   000.0020   1360.0000 1737.7557   1.27776157304
271   3C454.0      12.1032618335   3.52266183349   000.0450   156.3400 198.5251   1.26982946141
272   3C454.0      12.3174618335   3.52266183349   000.0070   1070.0000 1264.3252   1.18161232909
273   3C454.0      10.9692618335   3.52266183349   000.0930   066.2200 087.3746   1.31945986723
274   3C454.3      4.74745485508   3.60085485508   000.0160   056.7900 075.8382   1.33541439776
275   3C454.3      7.40605485508   3.60085485508   000.0050   570.0000 766.5450   1.34481586027
276   3C454.3      4.13005485508   3.60085485508   000.0480   008.9200 014.8926   1.66957080424
277   3C454.3      6.34765485508   3.60085485508   000.0150   151.2500 188.0977   1.24362107995
278   3C454.3      17.1206548551   3.60085485508   000.2980   041.6500 056.0645   1.34608540358
279   3C454.3      13.1642548551   3.60085485508   000.0910   086.9700 113.5474   1.30559244556
280   3C454.3      14.9660548551   3.60085485508   000.0050   2000.0000 2282.3282   1.14116409518
281   3C454.3      8.01085485508   3.60085485508   000.0790   046.3200 061.6577   1.331124118
282   3C454.3      4.70965485508   3.60085485508   000.0220   040.8900 054.5573   1.3342452345
283   4C07.32      6.51250127278   3.66490127278   000.0100   220.0000 289.8511   1.31750488304
284   4C07.32      9.59950127278   3.66490127278   000.0100   470.0000 600.0971   1.27680243992
285   4C07.32      12.3589012728   3.66490127278   000.1770   042.6200 057.2587   1.34347055213
286   4C13.65      5.62367263328   4.45187263328   000.0220   042.8600 058.3036   1.36032564815
287   4C13.65      22.3942726333   4.45187263328   000.6000   031.5500 044.2189   1.40154851472
288   4C13.65      17.1022726333   4.45187263328   000.0220   460.0000 585.8184   1.27351836231
289   4C13.65      17.3038726333   4.45187263328   000.3440   035.0900 048.6060   1.38518202224
290   4C13.65      7.80347263328   4.45187263328   000.0230   115.0000 151.8558   1.32048552702
291   4C13.65      15.1996726333   4.45187263328   000.0220   390.0000 498.3818   1.2779021549
292   4C13.65      6.82067263328   4.45187263328   000.0080   230.0000 301.7379   1.31190370362
293   4C13.67      8.96839236448   5.26399236448   000.0080   370.0000 470.1687   1.27072611341
294   4C13.67      27.6037923645   5.26399236448   001.1610   025.8100 037.7901   1.46416427594
295   4C13.67      43.0765923645   5.26399236448   000.0610   490.0000 644.2412   1.31477792453
296   4C13.67      29.0779923645   5.26399236448   001.0190   029.5600 042.5290   1.43873529856
297   4C13.67      8.23759236448   5.26399236448   000.0300   080.7300 105.8782   1.3115102967
298   4C13.67      13.6177923645   5.26399236448   000.0180   360.0000 473.5534   1.31542617499
299   4C19.44      5.03623377096   3.87703377096   000.0310   030.0000 041.8532   1.39510589034
300   4C19.44      9.09343377096   3.87703377096   000.0410   100.0000 133.7323   1.33732324264
301   4C19.44      13.755433771   3.87703377096   000.0490   160.0000 210.4566   1.31535355598
302   4C19.44      11.260633771   3.87703377096   000.1170   050.0000 070.7485   1.41496999519
303   4C20.33      5.01153310692   3.96573310692   000.0100   080.0000 109.0695   1.36336880757
304   4C20.33      7.64493310692   3.96573310692   000.0580   051.5600 069.2576   1.34324277868
305   4C20.33      12.4329331069   3.96573310692   000.0090   780.0000 949.0057   1.2166739532
306   4C20.33      9.01833310692   3.96573310692   000.0490   084.5700 109.6269   1.29628650166
307   4C22.12      48.7347033147   4.29450331467   006.9940   035.3100 048.7755   1.3813511425
308   4C22.12      80.3481033147   4.29450331467   007.9110   060.3800 080.3760   1.33116928561
309   4C22.12      90.2391033147   4.29450331467   001.7560   082.4600 108.1845   1.31196310922
310   4C22.12      107.828703315   4.29450331467   000.1830   450.0000 623.4003   1.38533394454
311   4C22.12      89.3193033147   4.29450331467   004.0670   068.6600 090.8010   1.32247375116
312   4C22.12      28.8519033147   4.29450331467   000.8400   034.2800 047.5073   1.38586170945
313   4C32.44      6.19353909029   3.37113909029   000.0200   113.1500 145.9070   1.28950104338
314   4C32.44      5.29893909029   3.37113909029   000.0050   280.0000 389.8958   1.39248515121
315   4C32.44      4.75713909029   3.37113909029   000.0070   147.7400 202.0649   1.36770642744
316   CTA21        32.813979059   3.607179059   000.3890   071.9700 094.2367   1.30938912031
317   CTA21        10.650579059   3.607179059   000.1930   031.8200 043.7364   1.37449373547
318   CTA21        31.629579059   3.607179059   000.0080   2850.0000 3520.4371   1.23524107391
319   CTA21        13.120179059   3.607179059   000.1080   073.6900 096.5326   1.30998253159
320   DW0742+10    8.29439075838   3.38039075838   000.0100   390.0000 497.2415   1.27497816859
321   DW0742+10    6.69419075838   3.38039075838   000.0110   250.0000 306.2949   1.22517949543
322   NRAO140      8.77163837667   3.65603837667   000.0070   570.0000 737.0168   1.29301196925
323   NRAO140      172.659838377   3.65603837667   000.1520   880.0000 1202.1649   1.36609651656
324   NRAO140      52.6322383767   3.65603837667   000.0460   840.0000 1093.0319   1.30122842126
325   NRAO140      37.4618383767   3.65603837667   007.0110   026.8500 037.4924   1.39636333564
326   P0320+05     30.3156689245   3.43986892449   000.4780   056.1200 074.1698   1.32162847386
327   P0320+05     13.0410689245   3.43986892449   000.2230   038.1100 051.4735   1.35065473734
328   P0320+05     19.0764689245   3.43986892449   000.0240   520.0000 662.8144   1.27464315735
329   P0320+05     24.2550689245   3.43986892449   000.3720   053.2300 070.4461   1.3234284326
330   P0320+05     23.0958689245   3.43986892449   000.0180   870.0000 1105.2974   1.27045672732
331   P0320+05     21.8484689245   3.43986892449   000.4080   043.6200 058.3874   1.33854766964
332   P0347+05     10.1205057469   3.4425057469   000.0530   100.0000 132.8110   1.32810998866
333   P0347+05     26.9919057469   3.4425057469   000.0350   530.0000 688.1259   1.29835073603
334   P0347+05     54.1953057469   3.4425057469   001.0510   061.9100 081.4743   1.31601154469
335   P0347+05     37.3239057469   3.4425057469   000.1710   171.5500 219.0026   1.27661103275
336   P0428+20     9.30872175545   3.92852175545   000.0090   490.0000 604.4227   1.23351562633
337   P0428+20     28.2843217555   3.92852175545   001.1320   028.5200 039.8721   1.39803966911
338   P0428+20     82.2879217555   3.92852175545   000.0280   2200.0000 2841.8411   1.29174593544
339   P0428+20     34.4457217555   3.92852175545   001.3180   033.0700 045.5999   1.37889039954
340   P0428+20     30.6657217555   3.92852175545   002.3460   023.4700 033.4969   1.42722365599
341   P0531+19     8.80219694835   4.14019694835   000.0110   333.2600 430.2937   1.29116501308
342   P0531+19     26.5303969483   4.14019694835   000.4740   047.1000 063.4531   1.34720009668
343   P0531+19     43.2505969483   4.14019694835   000.0100   3050.0000 3934.7680   1.29008786521
344   P0531+19     53.2927969483   4.14019694835   000.2290   190.7400 244.2938   1.28076883857
345   P0531+19     26.6563969483   4.14019694835   000.1660   117.0200 151.3494   1.29336341761
346   P0820+22     4.72886811352   3.35546811352   000.0140   080.0000 102.1438   1.2767971301
347   P0820+22     7.36226811352   3.35546811352   000.0200   160.0000 205.7055   1.28565966293
348   P0820+22     4.75406811352   3.35546811352   000.0160   070.0000 091.4691   1.30670189865
349   P0820+22     11.8604681135   3.35546811352   000.0150   440.0000 574.6186   1.3059513621
350   P1055+20     4.67180749129   3.34880749129   000.0020   520.0000 665.5105   1.27982793844
351   P1055+20     5.45300749129   3.34880749129   000.0020   810.0000 1056.5013   1.30432254098
352   P1055+20     5.20100749129   3.34880749129   000.0100   149.0100 189.4965   1.27170291248
353   P1055+20     6.88940749129   3.34880749129   000.0730   040.0000 053.6420   1.34105035229
354   P1117+14     5.10043677006   3.38683677006   000.0080   170.0000 218.4448   1.28496928923
355   P1117+14     5.25163677006   3.38683677006   000.0050   310.0000 377.2800   1.21703230248
356   T0526+24     7.40901384619   4.25901384619   000.1250   020.0000 031.0668   1.55334089022
357   T0526+24     22.4660138462   4.25901384619   000.2060   070.0000 102.0583   1.45797630938
358   T0526+24     42.8528138462   4.25901384619   001.0800   046.3900 062.6987   1.35155538363
359   T0526+24     73.5590138462   4.25901384619   000.1960   280.0000 393.6116   1.40575577986
360   T0526+24     43.7978138462   4.25901384619   002.8090   033.3900 046.3334   1.38764416375
361   T0526+24     58.7414138462   4.25901384619   001.4130   057.1400 076.2697   1.33478592134
362   T0526+24     73.2062138462   4.25901384619   039.1280   054.7200 073.2062   1.33783285538
363   T0556+19     4.44538380472   4.44538380472   002.1050   000.0000 004.4454   inf
364   T0556+19     183.655183805   4.44538380472   000.5080   280.0000 454.3796   1.6227842779
365   T0556+19     4.44538380472   4.44538380472   106.7190   000.0000 004.4454   inf
366   T0629+10     9.10351541028   4.11391541028   000.1520   028.1300 039.4982   1.40413112251
367   T0629+10     81.8811154103   4.11391541028   000.2060   300.0000 421.8423   1.40614085124
368   T0629+10     39.9483154103   4.11391541028   001.6050   035.6000 048.9568   1.37519039737
369   T0629+10     62.2755154103   4.11391541028   000.2970   179.8700 230.4624   1.28127206424
370   T0629+10     21.6405154103   4.11391541028   000.3540   046.6800 062.9033   1.34754376468
371   T0629+10     45.6183154103   4.11391541028   000.1500   220.0000 302.0807   1.37309420892
372   T0629+10     22.3335154103   4.11391541028   000.2710   060.9000 080.8657   1.32784348549
373   T0629+10     24.7023154103   4.11391541028   001.2850   022.5900 032.5765   1.44207651005
