                                                                 OH1665                                                                                                      OH1667
#  src            	l          	 b          	tau      	 tau_er      	v0      v0_er   wid     wid_er   tex    tex_er  noh     noh_er   ord   tau     	tau_er      	v0      v0_er   wid     wid_er    tex    tex_er  noh   noh_er   ord
===============================================================================================================================================================================================================================
0 3C105 		187.633 	-33.609 	0.015812 	0.0002939 	8.138 	0.009 	0.966 	0.021 	4.173 	0.249 	0.2718 	0.1293 	0    0.0268419 	0.0002847 	8.166 	0.005 	0.958 	0.012 	3.689 	0.172 	0.2243 	0.064 	0
1 3C105 		187.633 	-33.609 	0.0062469 	0.0002829 	10.231 	0.023 	1.03 	0.054 	5.954 	0.631 	0.1633 	0.2193 	1    0.0107031 	0.0002718 	10.257 	0.013 	1.027 	0.03 	5.528 	0.439 	0.1437 	0.1106 	1
2 3C109 		181.828 	-27.777 	0.002194 	0.0003178 	9.162 	0.103 	0.997 	0.245 	13.605 	1.83 	0.1269 	0.3664 	0    0.0035857 	0.0003611 	9.219 	0.073 	1.023 	0.172 	13.831 	1.251 	0.12 	0.1827 	0
3 3C109 		181.828 	-27.777 	0.0035205 	0.0003245 	10.441 	0.063 	0.954 	0.147 	9.145 	1.167 	0.131 	0.2827 	1    0.0056513 	0.0003597 	10.583 	0.046 	1.04 	0.11 	8.723 	0.788 	0.1213 	0.1465 	1
4 3C123 		170.581 	-11.661 	0.0191465 	0.0007513 	3.649 	0.058 	1.19 	0.115 	18.042 	0.895 	1.7526 	0.6542 	0    0.0347368 	0.0011837 	3.712 	0.056 	1.223 	0.103 	18.099 	0.628 	1.8201 	0.3773 	0
5 3C123 		170.581 	-11.661 	0.0430802 	0.0023207 	4.432 	0.009 	0.527 	0.027 	15.711 	0.611 	1.5199 	0.3065 	1    0.0919201 	0.0039662 	4.457 	0.006 	0.53 	0.019 	16.154 	0.375 	1.8622 	0.1771 	1
6 3C123 		170.581 	-11.661 	0.0337756 	0.0007923 	5.365 	0.014 	0.917 	0.036 	18.309 	0.555 	2.4178 	0.4137 	2    0.0783549 	0.0011803 	5.471 	0.008 	0.918 	0.02 	16.564 	0.306 	2.8202 	0.2006 	2
7 3C131 		171.437 	-7.797 		0.0064957 	0.0005257 	4.549 	0.02 	0.562 	0.057 	8.189 	0.765 	0.1276 	0.1487 	0    0.0102917 	0.0006081 	4.556 	0.016 	0.622 	0.046 	5.61 	0.522 	0.0849 	0.0783 	0
8 3C131 		171.437 	-7.797 		0.0073968 	0.0005714 	6.804 	0.059 	2.969 	0.196 	7.086 	0.431 	0.6636 	0.4742 	1    0.0110533 	0.0005292 	6.678 	0.055 	3.318 	0.153 	7.395 	0.297 	0.6419 	0.2487 	1
9 3C131 		171.437 	-7.797 		0.0166821 	0.0006997 	6.595 	0.01 	0.418 	0.024 	3.184 	0.421 	0.0947 	0.097 	2    0.0259313 	0.0007737 	6.582 	0.008 	0.433 	0.019 	3.931 	0.292 	0.1045 	0.0485 	2
10 3C131 		171.437 	-7.797 		0.0521163 	0.000709 	7.228 	0.004 	0.552 	0.01 	4.366 	0.124 	0.5353 	0.0675 	3    0.0858444 	0.0007479 	7.226 	0.003 	0.586 	0.008 	4.57 	0.08 	0.5438 	0.0336 	3
11 3C132 		178.86 		-12.522 	0.0032571 	0.0002496 	7.824 	0.033 	0.89 	0.08 	9.628 	1.039 	0.119 	0.2256 	0    0.005611 	0.0002885 	7.794 	0.02 	0.815 	0.049 	13.319 	0.635 	0.1441 	0.0923 	0
12 3C133 		177.726 	-9.912 		0.1008667 	0.0010176 	7.664 	0.001 	0.528 	0.005 	3.32 	0.11 	0.7538 	0.0793 	0    0.2132292 	0.001573 	7.677 	0.001 	0.517 	0.004 	2.497 	0.619 	0.6515 	0.3498 	0
13 3C133 		177.726 	-9.912 		0.014829 	0.0009653 	7.937 	0.023 	1.229 	0.034 	4.783 	1.707 	0.3718 	1.0899 	1    0.0332783 	0.0014675 	7.956 	0.016 	1.233 	0.024 	4.888 	1.111 	0.4745 	0.5915 	1
14 3C154 		185.593 	4.003 		0.0265674 	0.0006058 	-2.325 	0.015 	0.743 	0.03 	3.166 	0.285 	0.2665 	0.148 	0    0.0427861 	0.0007291 	-2.34 	0.009 	0.709 	0.019 	3.207 	0.177 	0.2302 	0.0617 	0
15 3C154 		185.593 	4.003 		0.0099697 	0.0005394 	-1.387 	0.042 	0.83 	0.09 	4.935 	0.716 	0.1742 	0.254 	1    0.017876 	0.0006033 	-1.342 	0.025 	0.915 	0.058 	4.213 	0.369 	0.163 	0.1075 	1
16 3C154 		185.593 	4.003 		0.0037514 	0.0004447 	2.228 	0.064 	1.125 	0.159 	5.17 	1.612 	0.093 	0.474 	2    0.0054209 	0.0004843 	2.184 	0.057 	1.331 	0.143 	2.913 	0.995 	0.0497 	0.2307 	2
17 3C167 		207.312 	1.153 		0.0108681 	0.0018769 	18.53 	0.106 	1.269 	0.257 	4.342 	1.117 	0.2554 	0.634 	0    0.0108402 	0.0013347 	17.659 	0.159 	2.715 	0.405 	4.232 	0.747 	0.2948 	0.503 	0
18 3C18 		118.622 	-52.727 	0.0029677 	0.0002856 	-8.528 	0.112 	2.501 	0.188 	7.189 	0.995 	0.2275 	0.5786 	0    0.0059519 	0.0003201 	-8.335 	0.048 	2.501 	0.102 	6.833 	0.428 	0.2407 	0.1963 	0
19 3C18 		118.622 	-52.727 	0.0055979 	0.0004287 	-7.819 	0.022 	0.677 	0.064 	2.745 	1.017 	0.0443 	0.2197 	1    0.0078015 	0.0004523 	-7.851 	0.015 	0.596 	0.043 	1.0 	0.0 	0.011 	0.001 	1
20 3C207 		212.968 	30.139 		0.0152021 	0.000212 	4.547 	0.005 	0.773 	0.012 	3.204 	0.209 	0.1606 	0.0848 	0    0.0267883 	0.0002499 	4.547 	0.004 	0.781 	0.008 	2.906 	0.102 	0.1439 	0.031 	0
21 3C409 		63.398 		-6.122 		0.0061509 	0.0006521 	14.63 	0.136 	1.86 	0.145 	7.957 	0.951 	0.3882 	0.5937 	0    0.0056619 	0.0008331 	14.698 	0.175 	1.676 	0.181 	0.03 	25.262 	0.0007 	7.5378 	0
22 3C409 		63.398 		-6.122 		0.0199191 	0.0011729 	15.397 	0.009 	0.893 	0.036 	2.353 	0.428 	0.1785 	0.2303 	1    0.0272541 	0.0015651 	15.414 	0.006 	0.859 	0.029 	0.2 	0.0 	0.0111 	0.0007 	1
23 3C410 		69.209 		-3.768 		0.0120793 	0.0002774 	6.248 	0.011 	1.034 	0.028 	6.959 	0.485 	0.3706 	0.2353 	0    0.0249786 	0.0003942 	6.287 	0.009 	1.19 	0.022 	4.414 	0.213 	0.3104 	0.095 	0
24 3C410 		69.209 		-3.768 		0.004315 	0.0003487 	10.703 	0.043 	0.698 	0.094 	7.889 	1.657 	0.1013 	0.3245 	1    0.0083703 	0.0005014 	10.717 	0.044 	0.799 	0.091 	4.469 	0.777 	0.0707 	0.1348 	1
25 3C410 		69.209 		-3.768	 	0.0053416 	0.0003119 	11.668 	0.039 	0.841 	0.091 	5.13 	1.221 	0.0983 	0.3201 	2    0.0113566 	0.0004969 	11.676 	0.033 	0.808 	0.068 	3.718 	0.571 	0.0808 	0.1166 	2
26 3C454.3 		86.111 		-38.183 	0.0023092 	8.72e-05 	-9.671 	0.03 	1.635 	0.072 	4.092 	1.071 	0.0659 	0.3588 	0    0.0044379 	0.0001074 	-9.553 	0.016 	1.367 	0.038 	5.909 	0.611 	0.0848 	0.1317 	0
27 3C75 		170.256 	-44.911 	0.0071519 	0.0003244 	-10.36 	0.029 	1.325 	0.07 	3.584 	0.546 	0.1448 	0.261 	0    0.0141605 	0.0003495 	-10.362 0.015 	1.254 	0.036 	3.715 	0.302 	0.1561 	0.1067 	0
28 4C13.67 		43.497 		9.154 		0.0474083 	0.0036614 	4.88 	0.048 	1.297 	0.116 	7.439 	0.448 	1.9509 	0.5873 	0    0.0569575 	0.0040087 	4.945 	0.049 	1.463 	0.12 	7.412 	0.309 	1.4611 	0.3003 	0
29 4C22.12 		188.052 	0.047 		0.0058579 	0.0009403 	-2.839 	0.065 	0.791 	0.168 	5.344 	1.176 	0.1056 	0.3047 	0    0.010316 	0.0009703 	-2.733 	0.043 	0.801 	0.111 	5.262 	0.64 	0.1029 	0.1243 	0
30 4C22.12 		188.052 	0.047 		0.0172332 	0.001099 	-1.78 	0.019 	0.56 	0.046 	4.221 	0.477 	0.1737 	0.1507 	1    0.0355612 	0.001166 	-1.781 	0.01 	0.542 	0.025 	3.786 	0.228 	0.1727 	0.056 	1
31 G196.6+0.2 		196.64 		0.168 		0.0043315 	0.0005444 	3.218 	0.101 	1.665 	0.249 	7.398 	1.171 	0.2275 	0.5489 	0    0.0065005 	0.0005172 	3.428 	0.095 	2.499 	0.24 	6.351 	0.621 	0.2441 	0.2977 	0
32 G197.0+1.1 		196.983 	1.103 		0.0123512 	0.0004835 	4.83 	0.035 	1.842 	0.085 	4.509 	0.325 	0.4374 	0.2845 	0    0.0187646 	0.0006603 	4.722 	0.027 	1.592 	0.066 	4.662 	0.253 	0.3295 	0.1319 	0
33 G197.0+1.1 		196.983 	1.103 		0.0056982 	0.0008221 	7.457 	0.043 	0.611 	0.103 	1.0 	0.0 	0.0148 	0.0033 	1    0.0074827 	0.0010594 	7.341 	0.041 	0.595 	0.098 	1.0 	0.0 	0.0105 	0.0023 	1
34 G197.0+1.1 		196.983 	1.103 		0.0052782 	0.00062 	16.409 	0.086 	1.168 	0.222 	6.286 	0.956 	0.1653 	0.3478 	2    0.0094345 	0.0016973 	16.341 	0.117 	0.946 	0.19 	5.444 	0.67 	0.1149 	0.1489 	2
35 G197.0+1.1 		196.983 	1.103 		0.0068791 	0.0007959 	17.645 	0.051 	0.71 	0.115 	4.582 	0.941 	0.0954 	0.2372 	3    0.0124232 	0.0009678 	17.448 	0.116 	1.219 	0.206 	5.482 	0.449 	0.1964 	0.1489 	3
36 G197.0+1.1 		196.983 	1.103 		0.0236505 	0.0008746 	32.009 	0.01 	0.556 	0.024 	3.612 	0.31 	0.2025 	0.1136 	4    0.0427951 	0.0011552 	32.011 	0.007 	0.53 	0.016 	4.083 	0.194 	0.2193 	0.0513 	4
37 P0428+20 		176.808 	-18.557 	0.0014853 	0.0002389 	3.598 	0.083 	1.061 	0.203 	8.424 	2.047 	0.0566 	0.3572 	0    0.0029407 	0.000313 	3.551 	0.039 	0.746 	0.093 	4.054 	1.28 	0.021 	0.1226 	0
38 P0428+20 		176.808 	-18.557 	0.007581 	0.0002358 	10.702 	0.017 	1.104 	0.041 	8.42 	0.394 	0.3004 	0.1622 	1    0.01365 	0.00026 	10.702 	0.01 	1.11 	0.025 	7.629 	0.227 	0.2736 	0.0702 	1
39 T0526+24 		181.355 	-5.193 		0.0157538 	0.0058001 	7.583 	0.289 	1.655 	0.743 	8.661 	1.389 	0.9631 	1.352 	0    0.0358867 	0.0058542 	7.489 	0.15 	1.965 	0.395 	6.979 	0.6 	1.1646 	0.6084 	0
40 T0629+10 		201.532 	0.508 		0.003976 	0.0026167 	0.155 	0.189 	0.631 	0.499 	3.877 	1.146 	0.0414 	0.1989 	0    0.0112695 	0.0022531 	0.326 	0.217 	0.975 	0.426 	4.03 	1.049 	0.1047 	0.2617 	0
41 T0629+10 		201.532 	0.508 		0.0384279 	0.0148621 	3.134 	0.315 	1.006 	0.474 	2.108 	0.328 	0.3476 	0.3479 	1    0.0769122 	0.0046022 	4.17 	0.059 	3.171 	0.215 	4.761 	1.488 	2.7479 	3.1068 	1
42 T0629+10 		201.532 	0.508 		0.0167906 	0.0015746 	1.468 	0.127 	1.43 	0.47 	2.57 	0.232 	0.2631 	0.204 	2    0.0206143 	0.0034376 	1.299 	0.099 	0.803 	0.199 	0.5 	0.0 	0.0196 	0.0059 	2
43 T0629+10 		201.532 	0.508 		0.1602932 	0.0319961 	3.613 	0.024 	0.61 	0.04 	2.983 	0.065 	1.2427 	0.2698 	3    0.2146713 	0.0045037 	3.554 	0.005 	0.602 	0.016 	3.442 	0.118 	1.053 	0.0854 	3
44 T0629+10 		201.532 	0.508 		0.0813624 	0.0020113 	4.616 	0.012 	0.784 	0.036 	2.427 	0.144 	0.6603 	0.1415 	4    0.1004497 	0.0043883 	4.641 	0.007 	0.359 	0.02 	3.084 	0.248 	0.2628 	0.0693 	4
45 T0629+10 		201.532 	0.508 		0.0750561 	0.0018581 	6.09 	0.017 	1.043 	0.054 	3.699 	0.098 	1.2353 	0.1386 	5    0.1011002 	0.0042954 	6.098 	0.013 	0.644 	0.037 	3.232 	0.238 	0.4979 	0.1206 	5
46 T0629+10 		201.532 	0.508 		0.0372524 	0.0030723 	6.993 	0.021 	0.492 	0.056 	3.973 	0.146 	0.3107 	0.0736 	6    0.0744161 	0.0036286 	6.929 	0.017 	0.641 	0.048 	2.671 	0.297 	0.3014 	0.1259 	6
47 T0629+10 		201.532 	0.508 		0.0174059 	0.0018177 	7.905 	0.049 	0.826 	0.132 	3.602 	0.229 	0.221 	0.1144 	7    0.0295316 	0.0024777 	7.954 	0.032 	0.711 	0.084 	2.234 	0.692 	0.111 	0.2007 	7
