     0.762496      8.54701      1.86478
     0.898624      7.71824      1.72525
      1.05905      6.86361      1.68462
      1.24813      6.46982      1.61366
      1.47096      6.32688      1.53142
      1.73356      6.33320      1.61366
      2.04306      6.41384      1.81270
      2.40780      6.56090      1.98113
      2.83767      6.94959      1.92812
      3.34427      7.42495      1.86196
      3.94133      7.87526      1.83343
      4.64497      8.31274      1.77771
      5.47423      8.69429      1.79466
      6.45154      9.18868      1.91030
      7.60334      9.84657      2.28527
      8.96076      10.5580      2.54834
      10.5605      11.2975      3.13913
      12.4459      11.9618      3.74589
      14.6678      12.3377      4.22512
      17.2865      12.5215      4.17252
      20.3726      12.5743      3.58334
      24.0097      12.5276      3.23997
      28.2962      12.6263      3.27741
      33.3479      12.9901      3.38083
      39.3015      13.1097      3.20416
      46.3180      13.2158      3.01934
      54.5871      13.5083      2.80526
      64.3325      13.9296      2.68146
      75.8178      14.3960      2.74431
      89.3535      14.5760      2.76329
      105.306      15.2147      2.54919
      124.106      15.9537      2.48652
      146.262      16.5907      2.47759
      172.375      17.4137      2.56298
      203.149      17.9793      3.00447
      239.417      17.5286      2.85124
      282.159      17.4671      2.66408
      332.533      17.9436      2.71593
      391.900      18.0491      2.59821
      461.866      18.0164      1.88679
