     0.762499      8.52304      1.86148
     0.898634      7.71647      1.71724
      1.05907      6.85527      1.68039
      1.24816      6.45965      1.60896
      1.47100      6.28340      1.53114
      1.73363      6.29497      1.61811
      2.04315      6.35141      1.80686
      2.40793      6.52030      1.99009
      2.83784      6.90620      1.94096
      3.34450      7.36272      1.86534
      3.94163      7.79058      1.81983
      4.64536      8.20881      1.75168
      5.47473      8.56491      1.75584
      6.45218      9.02789      1.84259
      7.60414      9.63984      2.16791
      8.96176      10.3264      2.41959
      10.5618      10.9596      2.87375
      12.4475      11.5048      3.39114
      14.6698      11.7059      3.66515
      17.2889      11.7927      3.58094
      20.3757      11.7722      3.08965
      24.0135      11.6458      2.73718
      28.3008      11.5046      2.58154
      33.3536      11.5906      2.53722
      39.3085      11.6477      2.39034
      46.3265      11.6952      2.24684
      54.5976      11.8917      2.14583
      64.3453      12.0950      2.03206
      75.8334      12.1871      2.03504
      89.3726      12.2976      2.03736
      105.329      12.5334      2.01860
      124.134      12.8231      1.97973
      146.297      12.9213      1.94843
      172.416      13.1032      1.96406
      203.199      13.1801      2.00032
      239.478      13.2248      2.15697
      282.234      13.0647      2.22061
      332.624      12.3510      2.08871
      392.009      12.0273      1.86102
      461.998      11.9372      1.97789
