     0.762492      8.51876      1.87001
     0.898611      7.70842      1.71887
      1.05903      6.85218      1.67531
      1.24808      6.45952      1.61055
      1.47089      6.27489      1.53057
      1.73347      6.25371      1.63032
      2.04293      6.31164      1.81093
      2.40763      6.47353      2.00015
      2.83743      6.85954      1.96553
      3.34396      7.31791      1.88307
      3.94092      7.72619      1.82676
      4.64445      8.13652      1.74746
      5.47357      8.47105      1.74047
      6.45070      8.90997      1.82025
      7.60227      9.51460      2.11298
      8.95941      10.1706      2.35832
      10.5588      10.7475      2.76357
      12.4438      11.2470      3.24007
      14.6652      11.3543      3.43179
      17.2832      11.4234      3.38080
      20.3686      11.2868      2.90127
      24.0047      11.1771      2.57855
      28.2900      10.9924      2.45096
      33.3403      10.8792      2.36081
      39.2922      10.8439      2.23311
      46.3065      10.8019      2.18230
      54.5731      10.8035      2.16200
      64.3154      10.7909      2.17000
      75.7968      10.7241      2.10949
      89.3279      10.6897      2.13971
      105.275      10.6591      2.07590
      124.068      10.7986      2.05948
      146.216      10.8381      2.05919
      172.319      10.7599      2.02140
      203.081      10.6159      1.99122
      239.334      10.5693      1.87165
      282.060      10.5523      1.89644
      332.413      10.3341      1.84071
      391.754      9.89939      1.79301
      461.689      9.33765      1.60991
