src           l         b           E(B-V)SFD_online  E(B-V)S&F2011 err   Av(mag)S&F G197.0+1.1 196.98291016 1.10338318 0.8320	 0.0239  0.7155	  0.0205  2.1967 
===================================================================================== G196.6+0.2 196.64035034 0.16761658 	0.8997	 0.0288  0.7738	  0.0248  2.3767
3C33       129.4481     -49.3244        0.0269  0.0020   0.0231  0.0017   0.0722
3C18       118.62155151 -52.72653198 	0.1622  0.0204	 0.1395  0.0175   0.4244
3C141.0    174.5324     -01.3112        0.6245  0.0247   0.5370  0.0212   1.7177
3C142.1    197.6157     -14.5115        0.3275  0.0168   0.2816  0.0145   0.8998
3C138      187.4050     -11.3434        0.2950  0.0199   0.2537  0.0171   0.7798
3C75-2     170.2958     -44.9192        0.1794  0.0051   0.1543  0.0044   0.4806
3C75-1     170.2162     -44.9112        0.1757  0.0052   0.1511  0.0044   0.4681
3C409 	   63.39829636 	-6.12196684 	0.6684  0.0302	 0.5749  0.0260   1.8029
3C33-1     129.4392     -49.3432        0.0259  0.0022   0.0223  0.0019   0.0718
3C79       164.1487     -34.4565        0.1279  0.0029   0.1100  0.0025   0.3404
3C78       174.8581     -44.5133        0.1720  0.0028   0.1479  0.0024   0.4573
3C98-1     179.8593     -31.0859        0.2209  0.0078   0.1900  0.0067   0.5916
3C75       170.25561523 -44.9111557 	0.1799 	0.0053	 0.1547	 0.0045   0.4875
T0526+24   181.3551178 	-5.19333172 	1.1665  0.0198	 1.0032	 0.0170   3.1043
3C133 	   177.72573853 -9.91240788 	0.8975	0.0514	 0.7719	 0.0442   2.4741
3C132 	   178.85980225 -12.52188396 	0.4961  0.0137	 0.4266  0.0118   1.2918
3C131 	   171.43682861 -7.79669476 	0.9705	0.0203	 0.8347  0.0174   2.6089
3C310      038.5004     060.2098        0.0405  0.0017   0.0348  0.0015   0.1095
3C315      039.3605     058.3030        0.0617  0.0008   0.0530  0.0007   0.1654	
3C109 	   181.82789612	-27.77688026 	0.5863  0.0371	 0.5042  0.0319   1.5286
3C234      200.2050     052.7049        0.0189  0.0004   0.0163  0.0003   0.0498
3C236      190.0640     053.9808        0.0112  0.0004   0.0097  0.0004   0.0293
3C237      232.1171     046.6273        0.0199  0.0005   0.0171  0.0004   0.0534
3C154 	   185.59321594 4.00309324 	0.6315	0.0357	 0.5431	 0.0307   1.6651
3C228.0    220.8313     046.6355        0.0335  0.0013   0.0288  0.0011   0.0895 
4C22.12    188.05236816 0.04705127 	0.9570	0.0163	 0.8230  0.0140   2.5495
NRAO140    159.0002   -18.7646          0.7137  0.0885   0.6138  0.0762   1.9287
3C318      029.9821   054.7856          0.0626  0.0016   0.0539  0.0014   0.1679
3C64       157.7658   -48.2032          0.0925  0.0038   0.0795  0.0033   0.2477
3C454.0    088.1001   -35.9413          0.0580  0.0025   0.0499  0.0021   0.1541
P0531+19   186.7634   -07.1085          0.3514  0.0099   0.3022  0.0085   0.9372  
3C454.3    86.11081696 	-38.18308258 	0.1034	0.0048	 0.0889	 0.0041   0.2873
3C33-2     129.4620   -49.2774          0.0279  0.0014   0.0240  0.0012   0.0758	
P0820+22   201.3636   029.6761          0.0418  0.0013   0.0359  0.0011   0.1101
3C333      037.3001   042.9721          0.0879  0.0013   0.0756  0.0011   0.2390
3C192      197.9126   026.4098          0.0548  0.0015   0.0471  0.0013   0.1480 
3C98       179.8374   -31.0490          0.2244  0.0062   0.1930  0.0054   0.6019
3C273      289.9509   064.3600          0.0208  0.0005   0.0179  0.0004   0.0550   
3C267.0    256.3418   070.1102          0.0331  0.0009   0.0285  0.0008   0.0903
DW0742+10  209.7960   016.5911          0.0254  0.0006   0.0219  0.0005   0.0675
P1055+20   222.5101   063.1302          0.0245  0.0009   0.0211  0.0008   0.0657
3C433      074.4764   -17.6945          0.1450  0.0089   0.1247  0.0077   0.3896
3C172.0    191.2045   013.4105          0.0659  0.0011   0.0566  0.0009   0.1781
P0428+20   176.80815125 -18.55681801 	0.5314	0.0359	 0.4570	 0.0309   1.4395
4C19.44    008.9924   073.0418          0.0583  0.0028   0.0501  0.0024   0.1556
3C353      021.1108   019.8770          0.4400  0.0078   0.3784  0.0067   1.1900   
3C167 	   207.31192017	1.15291512 	0.6666  0.0122   0.5733  0.0105   1.7793
3C293      054.6071   076.0603          0.0160  0.0007   0.0137  0.0006   0.0446
3C98-2     179.8288   -31.0241          0.2273  0.0050   0.1955  0.0043   0.5973   
3C105 	   187.6325531 	-33.60902786 	0.4619  0.0295   0.3973  0.0254   1.2716
3C120      190.3729   -27.3968          0.2970  0.0022   0.2554  0.0019   0.7930
CTA21      166.6357   -33.5961          0.1524  0.0048   0.1311  0.0041   0.4059
3C123 	   170.58143616	-11.66072178 	1.0014	0.0293   0.8612	 0.0252   2.6378
4C20.33    020.1848   066.8341          0.0419   0.0011  0.0360  0.0010   0.1131
T0556+19   190.0893   -02.1665          1.4412   0.0732  1.2394  0.0630   3.6820
P1117+14   240.4380   065.7884          0.0291   0.0009  0.0250  0.0007   0.0773
3C264.0    236.9959   073.6422          0.0233   0.0005  0.0201  0.0004   0.0622
3C208.1    213.6015   033.5830          0.0313   0.0032  0.0269  0.0028   0.0804
3C208.0    213.6628   033.1608          0.0334   0.0011  0.0287  0.0009   0.0902
4C32.44    067.2335   081.0477          0.0155   0.0004  0.0133  0.0004   0.0413
3C263.1    228.2701   074.3753          0.0232   0.0007  0.0200  0.0006   0.0627
3C225b     220.0116   044.0083          0.0534   0.0031  0.0460  0.0027   0.1462
3C410 	   69.20879364 	-3.76806855 	1.3543   0.0176	 1.1647  0.0152   3.6498
P0347+05   182.2737   -35.7311          0.2772   0.0078  0.2384  0.0067   0.7500
3C272.1    280.6321   074.6873          0.0395   0.0021  0.0340  0.0018   0.1065
3C225a     219.8664   044.0247          0.0543   0.0037  0.0467  0.0032   0.1451
4C07.32    322.2286   068.8350          0.0315   0.0003  0.0271  0.0003   0.0836
3C245      233.1247   056.3009          0.0250   0.0009  0.0215  0.0008   0.0653
3C93.1     160.0361   -15.9147          0.3823   0.0164  0.3287  0.0141   1.0543
3C348      022.9710   029.1769          0.0955   0.0015  0.0821  0.0013   0.2522
4C13.67    43.49685287 	9.15430737 	0.6425	 0.0160	 0.5526  0.0138   1.6850
3C286      056.5241   080.6747          0.0116   0.0005  0.0100  0.0005   0.0306
4C13.65    039.3151   017.7180          0.1383   0.0045  0.1189  0.0039   0.3740
3C190.0    207.6242   021.8412          0.0306   0.0011  0.0263  0.0009   0.0824
P0320+05   176.9818   -40.8433          0.1993   0.0024  0.1714  0.0020   0.5387
3C274.1    269.8744   083.1637          0.0292   0.0007  0.0252  0.0006   0.0766 
3C207 	   212.96810913 30.13895988 	0.0882   0.0049  0.0759	 0.0042   0.2598
T0629+10   201.53152466 0.50787795 	1.8216	 0.2649  1.5665  0.2278   4.6689
3C223	   188.4071   48.65994          0.0119   0.0004  0.0102  0.0003   0.0308
4C12.50    347.2230   070.1718          0.0333   0.0006  0.0286  0.0005   0.0893
4C04.51    007.2923   047.7470          0.0504   0.0013  0.0433  0.0012   0.1350
4C33.48    066.3887   008.3713          0.2040   0.0034  0.1755  0.0029   0.5534
3C111      161.6756   -08.8197          1.6532   0.0238  1.4217  0.0205   4.4208
J2232      077.4379   -38.5824          0.0712   0.0017  0.0612   0.0015  0.1914
3C298      352.1602   060.6666          0.0290   0.0010  0.0249   0.0008  0.0785
B2050      078.8581   -05.1238          0.0537   0.0007  0.0462   0.0006  0.1432 
PKS0531    186.7617   -07.1076          0.3518   0.0099  0.3026   0.0085  0.9372
4C16.09    166.6357   -33.5959          0.1524   0.0048  0.1311   0.0041  0.4059
3C48       133.9626   -28.7194          0.0438   0.0008  0.0377   0.0007  0.1165
3C327.1    012.1821   037.0047          0.1333   0.0021  0.1147   0.0018  0.3523
3C147      161.6864   010.2984          0.2619   0.0078  0.2252   0.0067  0.6936
3C459      083.0397   -51.2850          0.0655   0.0010  0.0564   0.0009  0.1740
3C345      063.4550   040.9489          0.0131   0.0007  0.0112   0.0006  0.0350
