#        src             l               b              E(B-V)SFD_online      E(B-V)S&F2011   err   Av(mag)S&F 
================================================================================================================
0 	3C18 		118.62155151 	-52.72653198 	0.1622    0.0204	0.1395    0.0175    0.4244
1 	3C123 		170.58143616 	-11.66072178 	1.0014	  0.0293	0.8612	  0.0252    2.6378
2 	3C409 		63.39829636 	-6.12196684 	0.6684    0.0302	0.5749    0.0260    1.8029
3 	P0428+20 	176.80815125 	-18.55681801 	0.5314	  0.0359	0.4570	  0.0309    1.4395
4 	3C410 		69.20879364 	-3.76806855 	1.3543    0.0176	1.1647    0.0152    3.6498
5 	3C154 		185.59321594 	4.00309324 	0.6315	  0.0357	0.5431	  0.0307    1.6651
6 	3C454.3 	86.11081696 	-38.18308258 	0.1034	  0.0048	0.0889	  0.0041    0.2873
7 	4C22.12 	188.05236816 	0.04705127 	0.9570	  0.0163	0.8230    0.0140    2.5495
8 	G197.0+1.1 	196.98291016 	1.10338318 	0.8320	  0.0239	0.7155	  0.0205    2.1967
9 	G196.6+0.2 	196.64035034 	0.16761658 	0.8997	  0.0288	0.7738	  0.0248    2.3767
10 	3C167 		207.31192017 	1.15291512 	0.6666	  0.0122	0.5733    0.0105    1.7793
11 	T0629+10 	201.53152466 	0.50787795 	1.8216	  0.2649	1.5665    0.2278    4.6689
12 	3C207 		212.96810913 	30.13895988 	0.0882    0.0049        0.0759	  0.0042    0.2598
13 	T0526+24 	181.3551178 	-5.19333172 	1.1665    0.0198	1.0032	  0.0170    3.1043
14 	3C105 		187.6325531 	-33.60902786 	0.4619	  0.0295	0.3973	  0.0254    1.2716
15 	3C75 		170.25561523 	-44.9111557 	0.1799 	  0.0053	0.1547	  0.0045    0.4875
16 	3C109 		181.82789612 	-27.77688026 	0.5863    0.0371	0.5042    0.0319    1.5286
17 	3C133 		177.72573853 	-9.91240788 	0.8975	  0.0514	0.7719	  0.0442    2.4741
18 	3C132 		178.85980225 	-12.52188396 	0.4961    0.0137	0.4266    0.0118    1.2918
19 	3C131 		171.43682861 	-7.79669476 	0.9705	  0.0203	0.8347 	  0.0174    2.6089
20 	4C13.67 	43.49685287 	9.15430737 	0.6425	  0.0160	0.5526    0.0138    1.6850
