     0.762496      4.07114     0.563187
     0.898624      3.77995     0.508559
      1.05905      3.55802     0.473581
      1.24813      3.43742     0.486798
      1.47096      3.38395     0.544588
      1.73356      3.38666     0.596984
      2.04306      3.38877     0.650562
      2.40780      3.31913     0.650694
      2.83767      3.32661     0.633213
      3.34427      3.36300     0.614672
      3.94133      3.43432     0.607984
      4.64497      3.59879     0.643361
      5.47423      3.76034     0.723105
      6.45154      3.85411     0.751699
      7.60334      3.99363     0.895256
      8.96076      4.16910      1.08070
      10.5605      4.36298      1.21614
      12.4459      4.57253      1.47222
      14.6678      4.63765      1.67602
      17.2865      4.65250      1.73916
      20.3726      4.48410      1.62642
      24.0097      4.34000      1.58478
      28.2962      4.18740      1.54343
      33.3479      4.17577      1.61234
      39.3015      3.98984      1.45849
      46.3180      3.93609      1.41502
      54.5871      3.96265      1.33597
      64.3325      4.11625      1.42408
      75.8178      4.65108      1.78642
      89.3535      5.15857      1.93486
      105.306      5.62099      2.22938
      124.106      6.59025      2.58311
      146.262      8.42298      2.99133
      172.375      10.0339      3.15694
      203.149      10.1035      2.65219
      239.417      11.3706      2.86151
      282.159      11.3775      2.56008
      332.533      11.7759      2.53188
      391.900      13.5459      2.93316
      461.866      14.3821      3.00583
