     0.762499      4.07018     0.563168
     0.898634      3.77430     0.508172
      1.05907      3.55148     0.476496
      1.24816      3.42480     0.494897
      1.47100      3.36319     0.552284
      1.73363      3.36306     0.606385
      2.04315      3.36193     0.658121
      2.40793      3.29986     0.657498
      2.83784      3.31412     0.636442
      3.34450      3.34316     0.619334
      3.94163      3.41077     0.607364
      4.64536      3.55755     0.643723
      5.47473      3.70855     0.720093
      6.45218      3.82414     0.753199
      7.60414      3.94289     0.883826
      8.96176      4.11952      1.07174
      10.5618      4.30035      1.20105
      12.4475      4.44415      1.43566
      14.6698      4.44770      1.58961
      17.2889      4.44754      1.64811
      20.3757      4.31421      1.59016
      24.0135      4.11210      1.49666
      28.3008      3.92736      1.45203
      33.3536      3.85282      1.47802
      39.3085      3.63006      1.33636
      46.3265      3.52947      1.25078
      54.5976      3.41682      1.09413
      64.3453      3.49343      1.12500
      75.8334      3.63155      1.30740
      89.3726      3.89517      1.55346
      105.329      4.17076      1.57356
      124.134      4.72937      1.91104
      146.297      5.12544      2.09038
      172.416      6.17404      2.25367
      203.199      7.33651      2.53193
      239.478      7.45870      2.14231
      282.234      7.37162      1.83709
      332.624      8.00036      1.83424
      392.009      8.16053      1.71473
      461.998      7.69130      1.61211
