     0.762492      4.06911     0.566155
     0.898611      3.77556     0.509105
      1.05903      3.54899     0.478191
      1.24808      3.42278     0.499340
      1.47089      3.35691     0.560050
      1.73347      3.34009     0.621607
      2.04293      3.34052     0.669291
      2.40763      3.27979     0.668818
      2.83743      3.29791     0.646071
      3.34396      3.32850     0.626602
      3.94092      3.39231     0.613181
      4.64445      3.53132     0.649670
      5.47357      3.67390     0.725219
      6.45070      3.78628     0.766978
      7.60227      3.92088     0.890264
      8.95941      4.07608      1.07754
      10.5588      4.25117      1.21465
      12.4438      4.38651      1.43490
      14.6652      4.34408      1.56037
      17.2832      4.33074      1.61865
      20.3686      4.17745      1.56759
      24.0047      4.01197      1.48615
      28.2900      3.76935      1.38779
      33.3403      3.67981      1.40858
      39.2922      3.45717      1.29672
      46.3065      3.31783      1.21601
      54.5731      3.14953      1.09803
      64.3154      3.09474      1.01214
      75.7968      3.12674      1.16161
      89.3279      3.24601      1.32799
      105.275      3.36194      1.48037
      124.068      3.53530      1.51934
      146.216      3.99595      1.79292
      172.319      4.32148      1.93755
      203.081      4.90250      1.96092
      239.334      5.57030      2.16206
      282.060      5.92835      1.89713
      332.413      5.45483      1.52879
      391.754      6.03916      1.45113
      461.689      6.27312      1.30082
