#    src	l		b	ra_icrs	    dec_icrs	ra_j2000     dec_j2000	   OH   nhi      nhi_er      thin      thin_er   cnm      cnm_er     WNM	wnmer
===============================================================================================================================================================================
  1  3C33        129.4481    -49.3244    17.2189    13.3266    01h08m52.5    01h08m52.5    0    3.5100    0.0600    3.5694    0.0918    2.0700    0.0348    1.4400    0.0470
  2  3C64        157.7658    -48.2032    35.4955    8.4495    02h21m58.9    02h21m58.9     0    8.0000    0.2400    7.6773    0.9312    3.6800    0.2037    4.3200    0.1036
  3  3C78        174.8581    -44.5130    47.1096    4.1111    03h08m26.3    03h08m26.3     0    13.7400   1.9300    11.0369   0.4680    3.8100    1.9097    9.9300    0.2685
  4  3C98        179.8374    -31.0490    59.7303    10.4365    03h58m55.3    03h58m55.3    0    13.9300   0.5300    12.5280   1.4767    7.7100    0.5071    6.2200    0.1335
  6  3C120       190.3728    -27.3973    68.2958    5.3542    04h33m11.0    04h33m11.0     0    22.2200   2.2600    11.7434   0.1283    10.8600   2.2433    11.3600   0.2632
  7  3C132       178.8598    -12.5219    74.1796    22.8226    04h56m43.1    04h56m43.1    1    30.1000   1.6400    25.3079   0.3163    9.6700    1.4949    20.4300   0.6663
  8  3C138       187.4052    -11.3437    80.2912    16.6392    05h21m09.9    05h21m09.9    0    26.4300   2.8900    21.7788   0.3457    6.0100    2.8343    20.4200   0.5825
  9  3C142.1     197.6157    -14.5115    82.8721    6.5073    05h31m29.3    05h31m29.3     0    27.7600   2.9200    21.7737   0.9385    10.2400   2.8403    17.5200   0.6724
 10  P0531+19    186.7634    -7.1085    83.6858    19.4541    05h34m44.6    05h34m44.6     1    30.1300   0.8700    28.1437   0.4322    12.0600   0.7788    18.0800   0.3175
 11  3C192       197.9126    26.4098    121.3943    24.1660    08h05m34.6    08h05m34.6    0    5.0200    0.0700    5.0049    0.0927    0.5900    0.0364    4.4200    0.0575
 12  3C237       232.1174    46.6276    152.0005    7.5045    10h08m00.1    10h08m00.1     0    2.6000    0.2300    2.6140    0.0700    0.1700    0.1982    2.4300    0.1119
 13  3C245       233.1247    56.3009    160.6863    12.0587    10h42m44.7    10h42m44.7    0    2.5700    0.0400    2.6921    0.1697    0.6100    0.0336    1.9600    0.0335
 14  P1055+20    222.5101    63.1302    164.5740    19.8661    10h58m17.8    10h58m17.8    0    1.9800    0.0500    1.9887    0.0788    0.4600    0.0340    1.5300    0.0326
 15  3C273       289.9484    64.3586    187.2766    2.0513    12h29m06.4    12h29m06.4     0    2.3700    0.1900    2.5482    0.0530    0.0500    0.1901    2.3200    0.0271
 16  3C274.1     269.8744    83.1637    188.8621    21.3431    12h35m26.9    12h35m26.9    0    2.9800    0.0600    2.8895    0.1540    0.3800    0.0246    2.6000    0.0438
 17  3C310       38.5004     60.2098    226.2428    26.0166    15h04m58.3    15h04m58.3    0    4.6900    0.1300    4.4007    0.0835    1.4000    0.0985    3.2900    0.0764
 18  3C315       39.3605     58.3030    228.4180    26.1247    15h13m40.3    15h13m40.3    0    6.0300    0.4800    5.1983    0.0719    2.8100    0.2617    3.2200    0.4077
 19  3C318       29.9821     54.7856    230.7254    20.2507    15h22m54.1    15h22m54.1    0    6.0000    0.2000    5.3281    0.0857    2.2100    0.1832    3.7900    0.0699
 20  3C333       37.3001     42.9721    244.3151    21.1258    16h17m15.6    16h17m15.6    0    6.4300    0.4200    5.7059    0.0748    1.3900    0.4096    5.0400    0.1125
 21  3C348       22.9710     29.1769    252.5484    5.0418    16h50m11.6    16h50m11.6     0    7.1900    0.2100    6.6920    0.0973    1.9600    0.1929    5.2300    0.0755
 22  4C13.65     39.3151     17.7180    269.6293    13.4751    17h58m31.0    17h58m31.0    0    11.5800   0.2100    10.9486   0.1822    1.8300    0.1543    9.7500    0.1170
 24  3C433       74.4772    -17.6950    320.9364    25.0702    21h23m44.7    21h23m44.7    -1   10.3800   2.1000    9.8922    0.2187    1.1500    2.0948    9.2300    0.1264
 25  3C454.0     88.1001    -35.9413    343.6001    18.8934    22h54m24.0    22h54m24.0    -1   6.8000    0.1500    6.6776    0.1362    1.5800    0.0633    5.2200    0.1326
