#  src  l        b           xoh         xoher       nh2            nh2er          nhi nhier nh          nher            cnm  cnmer roh  roher      rav    raver
        l,       b          1e-8         1e-8        1e20           1e20          1e20 1e20  1e20        1e20            1e20 1e20  1e14   1e14      mag     mag
==================================================================================================================================================================
2 3C18 118.6218 -52.7266 9.38624057356 5.60775003577 4.24024929769 0.721179406024 7.57 1.2 16.0504985954 0.800249300337 6.62 1.196 0.398 0.22794385 0.4244 0.05425
2 3C409 63.3981 -6.1216 1.22995227812 1.60521974036 15.4640146112 2.39582404567 31.69 3.53 62.6180292224 3.24021471993 5.33 3.4882 0.1902 0.24647617 1.8029 0.0806
2 3C75 170.2558 -44.9111 5.25997012375 2.52066790375 2.70723971144 0.406743755002 9.97 0.24 15.3844794229 0.777278540121 3.15 0.199 0.1424 0.0648 0.4875 0.01395
2 T0526+24 181.3551 -5.1933 -29.7416581125 146.465438036 -8.48641320013 41.190737301 122.42 82.21 105.4471736 5.31255659693 89.14 82.1788 2.524 2.101 3.1043 0.0527
2 3C133 177.7259 -9.9122 4.73899770907 0.692259635987 26.3895464141 2.90116108527 35.98 4.05 88.7590928283 4.15505024888 9.76 4.0212 1.2506 0.12029597 2.4741 0.13702
2 3C132 178.8598 -12.5219 3.65806827048 0.861486160133 6.72486082299 1.3238138417 30.1 1.64 43.549721646 2.07854091851 9.67 1.4949 0.246 0.0318 1.2918 0.03658
2 3C131 171.4368 -7.7967 6.26883464538 0.733450494013 21.7057886668 2.18760131706 36.09 2.1 79.5015773337 3.83828061631 14.26 1.8474 1.3607 0.08086062 2.6089 0.05394
2 3C109 181.828 -27.7769 2.4628017029 0.709334644328 13.4196756324 1.51764719611 26.32 1.29 53.1593512649 2.74752835244 19.6 0.9906 0.3305 0.08754542 1.5286 0.09889
2 3C154 185.5941 4.0066 2.31581961889 1.6353095408 16.1886529047 7.68781978962 45.94 14.94 78.3173058094 3.6341013292 9.75 14.9369 0.3749 0.19592746 1.6651 0.09517
2 4C22.12 188.0524 0.047 -5.00765200143 8.3813806476 -5.92892636939 9.84954925252 107.73 19.28 95.8721472612 4.04179191834 67.81 18.7121 0.2969 0.06048446 2.5495 0.0434
2 3C454.3 86.111 -38.1838 11.5985617663 101.633572854 0.902698128525 7.88127092304 7.9 15.75 9.70539625705 0.628669586924 1.99 15.7389 0.1047 0.0781 0.2873 0.01271
2 P0428+20 176.8082 -18.5568 4.55516448318 1.14888517291 10.3267401592 2.0080510125 30.2 3.13 50.8534803183 2.51638142482 8.72 3.0106 0.4704 0.07555958 1.4395 0.09579
2 3C167 207.3119 1.1529 3.46924665881 7.48290879665 4.95496621907 2.13529721524 63.5 3.1 73.4099324381 2.93734178971 38.99 2.9129 0.1719 0.3633 1.7793 0.03255
2 3C105 187.6326 -33.609 2.81671103119 0.731124451188 14.6589407088 1.49029024535 18.56 1.87 47.8778814176 2.32098256381 14.43 1.8417 0.4129 0.09861247 1.2716 0.07874
2 3C123 170.5817 -11.661 10.8027334738 1.96321542156 32.2640562082 3.24021047756 24.55 4.8 89.0781124164 4.35383230678 5.15 4.4112 3.4854 0.527911 2.6378 0.07812
2 3C410 69.2117 -3.7691 1.977452781 0.945667108459 27.8287302376 4.42643318697 59.69 6.69 115.347460475 5.79802923715 30.39 6.6415 0.5503 0.24818408 3.6498 0.04712
2 4C13.67 43.4971 9.154 7.07580637578 1.91483323486 21.8971509071 1.6843026256 21.13 1.12 64.9243018142 3.17696417015 5.01 0.9369 1.5494 0.402 1.685 0.04278
2 3C207 212.968 30.139 2.94119510703 0.645268075646 4.10377399689 0.463593753728 6.64 0.2 14.8475479938 0.905359969284 1.15 0.1605 0.1207 0.0227 0.2598 0.01302
2 T0629+10 201.5315 0.5079 2.91481671916 0.327036078927 243.936435292 12.6031029995 74.89 3.68 562.762870583 24.9361268217 46.79 3.2839 7.1103 0.70814535 4.6689 0.70618
