#  src  l        b           xoh         xoher       nh2            nh2er          nhi nhier nh          nher            cnm  cnmer roh  roher      rav    raver
        l,       b          1e-8         1e-8        1e20           1e20          1e20 1e20  1e20        1e20            1e20 1e20  1e14   1e14      mag     mag
==================================================================================================================================================================
2 3C18 118.6218 -52.7266 18.7092777961 12.8316941377 2.1272868164 0.802676977953 7.57 1.2 11.8245736328 1.06637766469 6.62 1.196 0.398 0.22794385 0.4244 0.05425
2 3C409 63.3981 -6.1216 3.50339293606 4.84137440228 5.42902276369 2.60578167696 31.69 3.53 42.5480455274 3.8339917308 5.33 3.4882 0.1902 0.24647617 1.8029 0.0806
2 3C75 170.2558 -44.9111 15.6890164213 11.847039665 0.907641347145 0.546943527049 9.97 0.24 11.7852826943 1.06723422318 3.15 0.199 0.1424 0.0648 0.4875 0.01395
2 T0526+24 181.3551 -5.1933 -7.13944305205 10.2197740428 -35.3528977204 41.169840571 122.42 82.21 51.7142045592 4.61941452555 89.14 82.1788 2.524 2.101 3.1043 0.0527
2 3C133 177.7259 -9.9122 64.8638797257 90.0510349534 1.92803761553 2.6702771933 35.98 4.05 39.8360752311 3.48123845151 9.76 4.0212 1.2506 0.12029597 2.4741 0.13702
2 3C132 178.8598 -12.5219 -11.9751054366 8.34733486665 -2.05426166226 1.4070996795 30.1 1.64 25.9914766755 2.28694513101 9.67 1.4949 0.246 0.0318 1.2918 0.03658
2 3C131 171.4368 -7.7967 70.2073911119 74.4215732936 1.93811503098 2.05121902348 36.09 2.1 39.966230062 3.52420174353 14.26 1.8474 1.3607 0.08086062 2.6089 0.05394
2 3C109 181.828 -27.7769 9.54154177581 5.15470177037 3.4638007962 1.6308998341 26.32 1.29 33.2476015924 2.9958700031 19.6 0.9906 0.3305 0.08754542 1.5286 0.09889
2 3C154 185.5941 4.0066 -5.92729235231 7.77497461257 -6.32497905816 7.609707535 45.94 14.94 33.2900418837 2.90292870617 9.75 14.9369 0.3749 0.19592746 1.6651 0.09517
2 4C22.12 188.0524 0.047 -0.914534399238 0.333288695832 -32.4646071539 9.81007817253 107.73 19.28 42.8007856922 3.63760017105 67.81 18.7121 0.2969 0.06048446 2.5495 0.0434
2 3C454.3 86.111 -38.1838 21.6115917236 352.225790042 0.484462233689 7.88749270064 7.9 15.75 8.86892446738 0.88750459744 1.99 15.7389 0.1047 0.0781 0.2873 0.01271
2 P0428+20 176.8082 -18.5568 25.1325636228 29.4626747823 1.87167535735 2.17345306421 30.2 3.13 33.9433507147 3.01640396652 8.72 3.0106 0.4704 0.07555958 1.4395 0.09579
2 3C167 207.3119 1.1529 -1.43395619349 3.04272385492 -11.9878139082 2.27058714371 63.5 3.1 39.5243721837 3.31847312912 38.99 2.9129 0.1719 0.3633 1.7793 0.03255
2 3C105 187.6326 -33.609 7.4299417562 2.7897772972 5.55724410161 1.61010754864 18.56 1.87 29.6744882032 2.62161882674 14.43 1.8417 0.4129 0.09861247 1.2716 0.07874
2 3C123 170.5817 -11.661 53.8577007487 25.6161562341 6.47149795025 2.91777359253 24.55 4.8 37.4929959005 3.31867608379 5.15 4.4112 3.4854 0.527911 2.6378 0.07812
2 3C410 69.2117 -3.7691 6.04156106329 4.20304609529 9.10857300348 4.82482619841 59.69 6.69 77.907146007 6.95411327053 30.39 6.6415 0.5503 0.24818408 3.6498 0.04712
2 4C13.67 43.4971 9.154 21.5082818903 7.48385542215 7.20373671827 1.67017576678 21.13 1.12 35.5374734365 3.14699036664 5.01 0.9369 1.5494 0.402 1.685 0.04278
2 3C207 212.968 30.139 8.8920289468 3.48477078463 1.3573954912 0.46670345159 6.64 0.2 9.3547909824 0.911728274709 1.15 0.1605 0.1207 0.0227 0.2598 0.01302
2 T0629+10 201.5315 0.5079 19.0142236021 3.89742422682 37.3946375554 6.69931747828 74.89 3.68 149.679275111 12.8833620883 46.79 3.2839 7.1103 0.70814535 4.6689 0.70618
