#  src  l        b           xoh         xoher       nh2            nh2er          nhi nhier nh          nher            cnm  cnmer roh  roher      rav    raver
        l,       b          1e-8         1e-8        1e20           1e20          1e20 1e20  1e20        1e20            1e20 1e20  1e14   1e14      mag     mag
==================================================================================================================================================================
2 3C18 118.6218 -52.7266 13.8216520694 9.53681916767 2.87954 1.10806566976 7.57 1.2 13.32908 1.8631258986 6.62 1.196 0.398 0.22794385 0.4244 0.05425
2 3C409 63.3981 -6.1216 1.71748260033 2.26824387631 11.074348 2.82106683282 31.69 3.53 53.838696 4.40145115853 5.33 3.4882 0.1902 0.24647617 1.8029 0.0806
2 3C75 170.2558 -44.9111 5.96653711236 3.05000642453 2.386644 0.555808068151 9.97 0.24 14.743288 1.08539874447 3.15 0.199 0.1424 0.0648 0.4875 0.01395
2 T0526+24 181.3551 -5.1933 -17.5690944315 52.5091206786 -14.366136 41.2374382545 122.42 82.21 93.687728 6.60463134347 89.14 82.1788 2.524 2.101 3.1043 0.0527
2 3C133 177.7259 -9.9122 6.91176441329 1.59555413085 18.093788 3.79699370509 35.98 4.05 72.167576 6.42387303625 9.76 4.0212 1.2506 0.12029597 2.4741 0.13702
2 3C132 178.8598 -12.5219 4.94926799119 1.79529145983 4.970432 1.68459618136 30.1 1.64 40.040864 2.94310332422 9.67 1.4949 0.246 0.0318 1.2918 0.03658
2 3C131 171.4368 -7.7967 6.49181374034 1.00014964243 20.960244 2.97930914702 36.09 2.1 78.010488 5.57630092213 14.26 1.8474 1.3607 0.08086062 2.6089 0.05394
2 3C109 181.828 -27.7769 3.15652224407 1.08328066329 10.470384 2.2846674613 26.32 1.29 47.260768 4.38346000721 19.6 0.9906 0.3305 0.08754542 1.5286 0.09889
2 3C154 185.5941 4.0066 15.1780639122 48.5893851061 2.470012 7.80114652264 45.94 14.94 50.880024 4.49754914046 9.75 14.9369 0.3749 0.19592746 1.6651 0.09517
2 4C22.12 188.0524 0.047 -1.927416444 1.3130406006 -15.40404 10.0137084541 107.73 19.28 76.92192 5.42024243134 67.81 18.7121 0.2969 0.06048446 2.5495 0.0434
2 3C454.3 86.111 -38.1838 29.0326874231 634.984228263 0.360628 7.88283450677 7.9 15.75 8.621256 0.702722878763 1.99 15.7389 0.1047 0.0781 0.2873 0.01271
2 P0428+20 176.8082 -18.5568 7.42583635376 3.25060948518 6.33464 2.57951062495 30.2 3.13 42.86928 4.10104867772 8.72 3.0106 0.4704 0.07555958 1.4395 0.09579
2 3C167 207.3119 1.1529 -3.5045271396 7.6106407335 -4.905084 2.45001923452 63.5 3.1 53.689832 3.79478286575 38.99 2.9129 0.1719 0.3633 1.7793 0.03255
2 3C105 187.6326 -33.609 4.40314134116 1.4011052883 9.377396 1.9718345641 18.56 1.87 37.314792 3.47212128139 14.43 1.8417 0.4129 0.09861247 1.2716 0.07874
2 3C123 170.5817 -11.661 12.464317164 2.54698501931 27.963024 3.83557505748 24.55 4.8 80.476048 5.98385695737 5.15 4.4112 3.4854 0.527911 2.6378 0.07812
2 3C410 69.2117 -3.7691 2.24503713389 1.11330214738 24.511844 5.05399577628 59.69 6.69 108.713688 7.57729458493 30.39 6.6415 0.5503 0.24818408 3.6498 0.04712
2 4C13.67 43.4971 9.154 10.1155895768 2.92696365856 15.316952 1.96196959834 21.13 1.12 51.763904 3.76070456421 5.01 0.9369 1.5494 0.402 1.685 0.04278
2 3C207 212.968 30.139 31.2801268828 27.9228411642 0.385868 0.336721546617 6.64 0.2 7.411736 0.643059561647 1.15 0.1605 0.1207 0.0227 0.2598 0.01302
2 T0629+10 201.5315 0.5079 19.970744515 6.94537655159 35.60358 11.8635380223 74.89 3.68 146.09716 23.4399602735 46.79 3.2839 7.1103 0.70814535 4.6689 0.70618
