Mean:  0.0443475339159e-06
#  src  l        b           xoh         xoher       nh2            nh2er          nhi nhier nh          nher            cnm  cnmer roh  roher      rav    raver
        l,       b          1e-6         1e-6        1e20           1e20          1e20 1e20  1e20        1e20            1e20 1e20  1e14   1e14      mag     mag
==================================================================================================================================================================
1 3C18 118.6218 -52.7266 0.0869054229973 0.0510584240854 4.57969118926 0.6 7.57 1.2 16.7293823785 4.2336125512e-53 6.62 1.196 0.398 0.22794385 0.4244 0.05425
1 3C409 63.3981 -6.1216 0.0113293295006 0.0147296755153 16.7882838954 1.765 31.69 3.53 65.2665677908 1.70306973838e-52 5.33 3.4882 0.1902 0.24647617 1.8029 0.0806
1 3C75 170.2558 -44.9111 0.0469564630523 0.0214484620935 3.03259638277 0.12 9.97 0.24 16.0351927655 4.10236184917e-53 3.15 0.199 0.1424 0.0648 0.4875 0.01395
1 3C133 177.7259 -9.9122 0.0442429402883 0.00530635077969 28.2666565976 2.025 35.98 4.05 92.5133131953 2.22468235876e-52 9.76 4.0212 1.2506 0.12029597 2.4741 0.13702
1 3C132 178.8598 -12.5219 0.0321742474664 0.00540415463145 7.64586647307 0.82 30.1 1.64 45.3917329461 1.10864906201e-52 9.67 1.4949 0.246 0.0318 1.2918 0.03658
1 3C131 171.4368 -7.7967 0.0581816036552 0.0043333058157 23.3871174824 1.05 36.09 2.1 82.8642349649 2.04274461126e-52 14.26 1.8474 1.3607 0.08086062 2.6089 0.05394
1 3C109 181.828 -27.7769 0.022724289144 0.00610316772255 14.5439092904 0.645 26.32 1.29 55.4078185808 1.44440126728e-52 19.6 0.9906 0.3305 0.08754542 1.5286 0.09889
1 3C154 185.5941 4.0066 0.0210087608913 0.0140673229723 17.8449363073 7.47 45.94 14.94 81.6298726145 1.94921188006e-52 9.75 14.9369 0.3749 0.19592746 1.6651 0.09517
1 3C454.3 86.111 -38.1838 0.0944987260001 0.675358537293 1.10795144476 7.875 7.9 15.75 10.1159028895 3.20115427198e-53 1.99 15.7389 0.1047 0.0781 0.2873 0.01271
1 P0428+20 176.8082 -18.5568 0.0412551659587 0.00871648155595 11.4022084039 1.565 30.2 3.13 53.0044168079 1.33308706291e-52 8.72 3.0106 0.4704 0.07555958 1.4395 0.09579
1 3C167 207.3119 1.1529 0.026415809513 0.0561816132904 6.50746667125 1.55 63.5 3.1 76.5149333425 1.62966850612e-52 38.99 2.9129 0.1719 0.3633 1.7793 0.03255
1 3C105 187.6326 -33.609 0.0263472245772 0.0064858540454 15.6714798855 0.935 18.56 1.87 49.9029597709 1.23427614348e-52 14.43 1.8417 0.4129 0.09861247 1.2716 0.07874
1 3C123 170.5817 -11.661 0.102067730643 0.0170428138159 34.1479131362 2.4 24.55 4.8 92.8458262723 2.31176049389e-52 5.15 4.4112 3.4854 0.527911 2.6378 0.07812
1 3C410 69.2117 -3.7691 0.0181808324036 0.00844209397064 30.268141072 3.345 59.69 6.69 120.226282144 3.06289362749e-52 30.39 6.6415 0.5503 0.24818408 3.6498 0.04712
1 4C13.67 43.4971 9.154 0.0665830286345 0.0173494687042 23.2701940986 0.56 21.13 1.12 67.6703881973 1.68651207472e-52 5.01 0.9369 1.5494 0.402 1.685 0.04278
1 3C207 212.968 30.139 0.0273214430082 0.00517541642666 4.41777544341 0.1 6.64 0.2 15.4755508868 4.64412147145e-53 1.15 0.1605 0.1207 0.0227 0.2598 0.01302
1 T0629+10 201.5315 0.5079 0.0277922017299 0.00277515261139 255.837953002 1.84 74.89 3.68 586.565906004 1.35053982159e-51 46.79 3.2839 7.1103 0.70814535 4.6689 0.70618
