Mean:  0.109456615296e-06
#  src  l        b           xoh         xoher       nh2            nh2er          nhi nhier nh          nher            cnm  cnmer roh  roher      rav    raver
        l,       b          1e-6         1e-6        1e20           1e20          1e20 1e20  1e20        1e20            1e20 1e20  1e14   1e14      mag     mag
==================================================================================================================================================================
2 3C18 118.6218 -52.7266 0.138129414507 0.0945155430915 2.881355875 1.07883988991 7.57 1.2 13.33271175 1.79320440337 6.62 1.196 0.398 0.22794385 0.4244 0.05425
2 3C409 63.3981 -6.1216 0.0171731916627 0.0226661463117 11.075401925 2.77368963828 31.69 3.53 53.84080385 4.27931265954 5.33 3.4882 0.1902 0.24647617 1.8029 0.0806
2 3C75 170.2558 -44.9111 0.0596206733052 0.029739262962 2.388433275 0.487925973031 9.97 0.24 14.74686655 0.945878967221 3.15 0.199 0.1424 0.0648 0.4875 0.01395
2 3C133 177.7259 -9.9122 0.0691149352151 0.0157903348865 18.094497175 3.749691776 35.98 4.05 72.16899435 6.31175519646 9.76 4.0212 1.2506 0.12029597 2.4741 0.13702
2 3C132 178.8598 -12.5219 0.0494796047935 0.0173940129958 4.97174545 1.62530768009 30.1 1.64 40.0434909 2.80658158974 9.67 1.4949 0.246 0.0318 1.2918 0.03658
2 3C131 171.4368 -7.7967 0.0649162813799 0.00981410743291 20.960843275 2.91380380552 36.09 2.1 78.01168655 5.43608411158 14.26 1.8474 1.3607 0.08086062 2.6089 0.05394
2 3C109 181.828 -27.7769 0.031561672561 0.0107332269907 10.47156165 2.23324584576 26.32 1.29 47.2631233 4.27614873812 19.6 0.9906 0.3305 0.08754542 1.5286 0.09889
2 3C154 185.5941 4.0066 0.151712487072 0.484490565167 2.471121575 7.78508448604 45.94 14.94 50.88224315 4.38481035159 9.75 14.9369 0.3749 0.19592746 1.6651 0.09517
2 3C454.3 86.111 -38.1838 0.288801753388 6.28129072731 0.362532425 7.88025641638 7.9 15.75 8.62506485 0.5755560368 1.99 15.7389 0.1047 0.0781 0.2873 0.01271
2 P0428+20 176.8082 -18.5568 0.0742435930869 0.0320463198694 6.33590025 2.53839185479 30.2 3.13 42.8718005 3.9971030552 8.72 3.0106 0.4704 0.07555958 1.4395 0.09579
2 3C105 187.6326 -33.609 0.0440250062995 0.0138636296487 9.378760725 1.92493132358 18.56 1.87 37.31752145 3.36519574497 14.43 1.8417 0.4129 0.09861247 1.2716 0.07874
2 3C123 170.5817 -11.661 0.124640707176 0.0253132288665 27.9635769 3.78327410439 24.55 4.8 80.4771538 5.84915821257 5.15 4.4112 3.4854 0.527911 2.6378 0.07812
2 3C410 69.2117 -3.7691 0.0224503513952 0.0111126141097 24.511865775 5.00020055826 59.69 6.69 108.71373155 7.43316369331 30.39 6.6415 0.5503 0.24818408 3.6498 0.04712
2 4C13.67 43.4971 9.154 0.101148678246 0.0290768420911 15.31804495 1.89596733381 21.13 1.12 51.7660899 3.62275703346 5.01 0.9369 1.5494 0.402 1.685 0.04278
2 3C207 212.968 30.139 0.311246781242 0.23265156393 0.387795175 0.280545116229 6.64 0.2 7.41559035 0.524234917723 1.15 0.1605 0.1207 0.0227 0.2598 0.01302
2 T0629+10 201.5315 0.5079 0.199711267189 0.0692886039794 35.602898625 11.832329617 74.89 3.68 146.09579725 23.3767768665 46.79 3.2839 7.1103 0.70814535 4.6689 0.70618
