Mean:  2.47144566515e-07
#  src  l        b           xoh         xoher       nh2            nh2er          nhi nhier nh          nher            cnm  cnmer roh  roher      rav    raver
        l,       b          1e-6         1e-6        1e20           1e20          1e20 1e20  1e20        1e20            1e20 1e20  1e14   1e14      mag     mag
==================================================================================================================================================================
3 3C18 118.6218 -52.7266 0.187479840583 0.126401073006 2.12289491373 0.755193710431 7.57 1.2 11.8157898275 0.917207806932 6.62 1.196 0.398 0.22794385 0.4244 0.05425
3 3C409 63.3981 -6.1216 0.0351596478352 0.0486210722887 5.40961049699 2.61130968933 31.69 3.53 42.509220994 3.84900677764 5.33 3.4882 0.1902 0.24647617 1.8029 0.0806
3 3C75 170.2558 -44.9111 0.157649664324 0.108916976375 0.903268653384 0.469559706831 9.97 0.24 11.7765373068 0.907934619406 3.15 0.199 0.1424 0.0648 0.4875 0.01395
3 3C133 177.7259 -9.9122 0.65478112706 0.973946437676 1.90995120097 2.83498764386 35.98 4.05 39.7999024019 3.96813807261 9.76 4.0212 1.2506 0.12029597 2.4741 0.13702
3 3C131 171.4368 -7.7967 0.708710841347 0.814188057612 1.91996498517 2.20275988885 36.09 2.1 39.9299299703 3.87280318524 14.26 1.8474 1.3607 0.08086062 2.6089 0.05394
3 3C109 181.828 -27.7769 0.0958266712492 0.0526078583392 3.4489354132 1.65844731384 26.32 1.29 33.2178708264 3.05576340236 19.6 0.9906 0.3305 0.08754542 1.5286 0.09889
3 3C454.3 86.111 -38.1838 0.217438566802 3.56320033847 0.481515315061 7.88248877587 7.9 15.75 8.86303063012 0.687035084228 1.99 15.7389 0.1047 0.0781 0.2873 0.01271
3 P0428+20 176.8082 -18.5568 0.253384133861 0.298449640629 1.85646983034 2.16622247026 30.2 3.13 33.9129396607 2.99552652511 8.72 3.0106 0.4704 0.07555958 1.4395 0.09579
3 3C105 187.6326 -33.609 0.0744752250802 0.0280572507705 5.54412557405 1.61531355015 18.56 1.87 29.6482511481 2.63439774165 14.43 1.8417 0.4129 0.09861247 1.2716 0.07874
3 3C123 170.5817 -11.661 0.539990579955 0.272886192967 6.45455704114 3.11188029339 24.55 4.8 37.4591140823 3.96171627473 5.15 4.4112 3.4854 0.527911 2.6378 0.07812
3 3C410 69.2117 -3.7691 0.0606600131385 0.0425783056963 9.07187406543 4.87935901573 59.69 6.69 77.8337481309 7.10467997994 30.39 6.6415 0.5503 0.24818408 3.6498 0.04712
3 4C13.67 43.4971 9.154 0.215561142619 0.0769447921253 7.18775184236 1.76205601416 21.13 1.12 35.5055036847 3.34140174001 5.01 0.9369 1.5494 0.402 1.685 0.04278
3 3C207 212.968 30.139 0.0891293872433 0.0331503106138 1.35421103783 0.434541904374 6.64 0.2 9.34842207566 0.845758042603 1.15 0.1605 0.1207 0.0227 0.2598 0.01302
3 T0629+10 201.5315 0.5079 0.190507959494 0.0533704148393 37.3228500209 9.77287627221 74.89 3.68 149.535700042 19.1961986479 46.79 3.2839 7.1103 0.70814535 4.6689 0.70618
